-0.32018696435653654 -0.0057462421245872974 0.5387905049688517 -0.18506650890402737 -0.13373929262161255 0.5092090398822116 0.0411359753225351 -0.24392279982566833 0.4384137562594742 0.2350981160119956 -0.32031211256980896 0.38424613929225343
-0.3140063168445464 -0.0072910599410533905 0.5346029482504165 -0.18522327353714013 -0.13604865968227386 0.4896736996423095 0.032025209902677265 -0.24545663595199585 0.39535912524778394 0.2183805886569787 -0.32191500067710876 0.3201599468672857
-0.3140063168445464 -0.0072910599410533905 0.5346029482504165 -0.18522327353714013 -0.13604865968227386 0.4896736996423095 0.032025209902677265 -0.24545663595199585 0.39535912524778394 0.2183805886569787 -0.32191500067710876 0.3201599468672857
-0.30741565538274884 -0.008818122558295727 0.5307853672265439 -0.18623109159990595 -0.1375066041946411 0.4710413107726895 0.019512064007372324 -0.24525046348571777 0.3530539264479522 0.19585889182058813 -0.3213331401348114 0.2568612982117259
-0.3019529279862981 -0.010167893022298813 0.5273151948046593 -0.18957023268408474 -0.1381170004606247 0.45297590153247813 0.00198023271022189 -0.24343039095401764 0.31162547862224127 0.1655362637220414 -0.31844574213027954 0.19444043851979978
-0.2977185026854441 -0.011297098360955715 0.5241993840261122 -0.19534944764385517 -0.1377580761909485 0.435952757187152 -0.0207931434028635 -0.2396681308746338 0.27206355007582966 0.1270429208512895 -0.31287622451782227 0.1346757986643105
-0.294216233140003 -0.012220286764204502 0.5215442430212431 -0.20344378691030532 -0.1365814208984375 0.42031141759702706 -0.048673006058534765 -0.23366248607635498 0.2351112772565264 0.08119477714334135 -0.30417972803115845 0.07930533710208953
-0.29167108875910525 -0.013352151028811932 0.5190798670257925 -0.21383755089522533 -0.1346239298582077 0.40567189332930403 -0.08098532356499388 -0.22484667599201202 0.20099263994927433 0.02945510204620895 -0.2915850579738617 0.029237447614883755
-0.2895057232724522 -0.014638661406934261 0.5170189805205809 -0.22582077090051067 -0.1319674700498581 0.3928161323011488 -0.11699613683459556 -0.21384672820568085 0.17106061629385316 -0.027382321033603708 -0.2759725749492645 -0.01419691377407911
-0.28812088357108256 -0.015994057059288025 0.5152564384828504 -0.23899538469126616 -0.12870241701602936 0.38189083872656665 -0.15564012994575688 -0.2009994238615036 0.14613057898539147 -0.08839763360414633 -0.25771811604499817 -0.050275131669266636
-0.2878224841992088 -0.01715889386832714 0.5140389834027046 -0.2535537860325212 -0.1250237375497818 0.3737628821705989 -0.19653282921816595 -0.18712076544761658 0.12742478003472435 -0.15086908827604997 -0.23790696263313293 -0.07732938862475607
-0.2887533333291915 -0.01797601953148842 0.5140182158400513 -0.270749236922135 -0.1204300969839096 0.3692521095615536 -0.240270799208808 -0.17189469933509827 0.11580171363231341 -0.21714527929253466 -0.21664558351039886 -0.09463187602909848
-0.28947457762379275 -0.018283819779753685 0.5145526773834445 -0.28699593672487794 -0.11526787281036377 0.36757751987018106 -0.28252204783478513 -0.15589426457881927 0.11050261117087277 -0.28577903716759095 -0.19337274134159088 -0.10206665734480111
-0.29010361740010243 -0.01831951178610325 0.5157038789449636 -0.30306785868168645 -0.10993367433547974 0.3683405285607169 -0.3235512739102337 -0.13987748324871063 0.11049365738468198 -0.3514713388453293 -0.16944551467895508 -0.10121597496638053
-0.29065308192275296 -0.017407730221748352 0.5168987015577968 -0.31835267524327354 -0.10344216972589493 0.3704874247160297 -0.36210518495389543 -0.12316010147333145 0.11430680485751127 -0.4119310602234057 -0.14516159892082214 -0.09418160711563364
-0.2912722120145186 -0.015596668235957623 0.517746980962176 -0.3330572027411863 -0.09615156799554825 0.3732713536822864 -0.3981055680636971 -0.10621471703052521 0.12082133117913121 -0.4669646627635911 -0.12098868936300278 -0.08286013535931966
-0.29196533983712164 -0.013084526173770428 0.5185592549399122 -0.34739031206570903 -0.08837763220071793 0.3772184674858833 -0.4319860842608284 -0.08927245438098907 0.13027915317765476 -0.5176052749012084 -0.09666580706834793 -0.06745376841756143
-0.29296380242564035 -0.009998664259910583 0.5197061661191297 -0.36127719110911133 -0.08021679520606995 0.38245508062718536 -0.4633792088074368 -0.07242665439844131 0.14214578431328173 -0.5636527353552294 -0.07224451005458832 -0.048841724237519556
-0.2944412561498996 -0.006955289281904697 0.521190798615398 -0.37452533450256353 -0.07262540608644485 0.38882162739395504 -0.48932470140951795 -0.05671769380569458 0.1540167718937341 -0.5907389570305938 -0.04604557529091835 -0.036669312195501194
-0.2958149559436665 -0.0032997271046042442 0.5224618560769375 -0.38790135107190243 -0.06619153916835785 0.3959665216971645 -0.5052823260887219 -0.056527361273765564 0.16228589007096822 -0.579300510598677 -0.07582702487707138 -0.03858794076821645
-0.2972198500497757 0.00027007117751054466 0.5241858779842781 -0.3991522121830607 -0.05937798321247101 0.403823210670313 -0.5185148345210392 -0.05425654351711273 0.1725967184120189 -0.5871277313767397 -0.08484912663698196 -0.028465568424250312
-0.2985679994260789 0.0039049892220646143 0.5262363279362486 -0.40910279248495357 -0.05191127210855484 0.41186218467441615 -0.5324844861989372 -0.040782541036605835 0.18319712892013376 -0.5961451525074661 -0.07023259997367859 -0.018981859989455813
-0.30026949994647933 0.008181680925190449 0.5290451219760742 -0.4173105739580421 -0.04578492045402527 0.4204381120490638 -0.5402137388242767 -0.032731689512729645 0.1921504567121004 -0.5993538002105817 -0.06077604368329048 -0.012115065908969568
-0.3014936521105308 0.013424599543213844 0.5316763569530888 -0.42355884670244137 -0.041019827127456665 0.42861845323741576 -0.5464021209940007 -0.031277164816856384 0.20113455445639888 -0.5984432984778214 -0.0592232383787632 -0.0050192781847515425
-0.30103585908397257 0.01776144839823246 0.5333383610100542 -0.42613147785512423 -0.03701159730553627 0.4340867789700407 -0.5508765114442238 -0.02979421615600586 0.20824859456343675 -0.6024694873619034 -0.05727435648441315 0.0017378459508784125
-0.29893231234609435 0.020152727141976357 0.533912973165645 -0.42621404593354806 -0.03454221785068512 0.4369124892866064 -0.5541213902359193 -0.028969692066311836 0.21300587677295657 -0.6073754782080224 -0.057058751583099365 0.007003571539996145
-0.2969349259973767 0.021226784214377403 0.5338276602380563 -0.42595421966022706 -0.033368952572345734 0.43792787577898135 -0.5573872871311507 -0.028368398547172546 0.21583762832900852 -0.613371952433421 -0.05656393617391586 0.01081217632926644
-0.2954496564234906 0.021329347044229507 0.5334742545175313 -0.4250398346404948 -0.03333393484354019 0.4375934459816246 -0.5593262302581706 -0.02831706777215004 0.2165767481547245 -0.6172992160288131 -0.056170590221881866 0.01233167743433114
-0.29419405774278123 0.020809900015592575 0.5329508166716509 -0.42290779944373746 -0.033606626093387604 0.435912809869856 -0.5579738787839156 -0.02796306647360325 0.2148622167509465 -0.6167087672493977 -0.055936094373464584 0.01107216240526887
-0.2928948254132172 0.02001476287841797 0.5326803585084141 -0.42028168259072723 -0.03427217900753021 0.4343927818946657 -0.5549673575997778 -0.027955245226621628 0.21272019375987158 -0.6143087500043881 -0.05619361251592636 0.009379113043395011
-0.29135620803287904 0.01903768628835678 0.5327823909972581 -0.4172323746580286 -0.03535773977637291 0.4335585905867636 -0.5511651965414458 -0.02817017212510109 0.2111572961265884 -0.611228524223072 -0.056280717253685 0.008124245684658728
-0.2892564944364044 0.01815890148282051 0.5330145649944691 -0.41300479128546147 -0.036347322165966034 0.4327980241650171 -0.5461006806086595 -0.0282815620303154 0.20953845182681302 -0.6077161395225894 -0.05674978345632553 0.007080457125163489
-0.2864746047273208 0.01692306622862816 0.5331593972258156 -0.4077125697492417 -0.03787209838628769 0.4317536373046752 -0.5406556341629272 -0.028243495151400566 0.20800913628869497 -0.6049426001709448 -0.05632856860756874 0.006523167412314769
-0.2833601639614957 0.015640050172805786 0.5332528299941999 -0.40168103743540096 -0.03960353136062622 0.43036117372352645 -0.5343800045457178 -0.02855871617794037 0.20601687271074187 -0.6013952455441877 -0.056249480694532394 0.005673363089113162
-0.2798356513146742 0.014458674937486649 0.5333199914350719 -0.3950844707340859 -0.041042909026145935 0.42901584565847334 -0.5270312468471414 -0.03023562580347061 0.2038939810835142 -0.5962469591999487 -0.060040224343538284 0.004503104203652235
-0.27600262818487026 0.013155422173440456 0.5334790886214799 -0.3881165623689522 -0.04311082512140274 0.42766633150961453 -0.5196895449071629 -0.03308388963341713 0.20199058031841366 -0.5932327707328032 -0.06528078764677048 0.004532206157276321
-0.2720294818967885 0.011550342664122581 0.5332065536221304 -0.38022382125647525 -0.04614534601569176 0.4251058091829158 -0.5104084020997786 -0.03690232336521149 0.1982325601036069 -0.5888087495787188 -0.07014750689268112 0.002548916376436887
-0.26779892879462974 0.009404330514371395 0.5325720317016726 -0.37064974395474337 -0.04973016306757927 0.42160990055651804 -0.498393081484947 -0.040439900010824203 0.19318460439388546 -0.5820987141536832 -0.0727597326040268 -0.0011751976357770172
-0.26350270020970534 0.006799731869250536 0.531924666543302 -0.3603739725081958 -0.05360645428299904 0.4179649825721912 -0.4847597372678792 -0.04340234771370888 0.1875901474386222 -0.5723174871380153 -0.07358746230602264 -0.006050322518873649
-0.25909822546852435 0.003908328711986542 0.5313643358590863 -0.3501017261356563 -0.0579182431101799 0.41454022770980975 -0.4708059307635733 -0.047276247292757034 0.18211748393771104 -0.5606276784826257 -0.07569862902164459 -0.011173269500360253
-0.2543403201048613 0.0006537158042192459 0.5306811555972214 -0.33906999901230916 -0.06269726902246475 0.4108162486930603 -0.45509852055305106 -0.052816107869148254 0.1759342418597642 -0.5454323330283233 -0.08064308762550354 -0.017583877621252113
-0.24889964162078812 -0.0031544161029160023 0.5292059656476866 -0.32622363850270286 -0.06795794516801834 0.40555245963523223 -0.4369016336966632 -0.05910113826394081 0.1681031364964099 -0.5265380966590973 -0.08674784004688263 -0.02608834452022287
-0.24313022993833 -0.0071255979128181934 0.5273433421782439 -0.3123206557977088 -0.07377748936414719 0.39970365874409536 -0.4170151975214025 -0.06676152348518372 0.1596949698003513 -0.5050168905394831 -0.09473448991775513 -0.03552754455444539
-0.23764195786824854 -0.01099389884620905 0.5255254294931214 -0.2982449626448904 -0.0796666294336319 0.3939787873110474 -0.3953055697691604 -0.07622426003217697 0.1510042462520211 -0.4802944235632723 -0.10630969703197479 -0.04558130098822703
-0.23257815689624192 -0.014463910833001137 0.5236864947040843 -0.28394545076899624 -0.08519890159368515 0.3882268585502524 -0.3723654783797282 -0.08601027727127075 0.14233814703113018 -0.4539548955791446 -0.11895889788866043 -0.055536678709582524
-0.22774408128377344 -0.017272433266043663 0.521419977004326 -0.2688399131775278 -0.09018752723932266 0.38160215167415845 -0.3474743570333554 -0.09637635946273804 0.1329423777009195 -0.4254513896020794 -0.13302935659885406 -0.06604176889784356
-0.22361065743966263 -0.019562365487217903 0.5192588489353627 -0.2538218151815701 -0.09546538442373276 0.3755710070646847 -0.3208208249266125 -0.10849832743406296 0.12427090645220445 -0.39394427327475345 -0.14942261576652527 -0.07601237004740982
-0.22073110807895857 -0.02082107402384281 0.517854323744129 -0.23970456887555108 -0.10109448432922363 0.37122689106227896 -0.29231689661120086 -0.12286023050546646 0.11747350156741129 -0.35728875961292184 -0.16827145218849182 -0.08486826471389017
-0.21900584441971568 -0.02142275497317314 0.5174768515127017 -0.22647094055378958 -0.10713434964418411 0.3698510140238482 -0.26402129179117895 -0.13828666508197784 0.11451562835485454 -0.3182467281298758 -0.18764130771160126 -0.0904990295662491
-0.21895024262411253 -0.021530756726861 0.517808743164233 -0.21436439069870752 -0.11324799060821533 0.370969276587789 -0.23440258977634204 -0.15395109355449677 0.11489261908661251 -0.2738680907481365 -0.20667536556720734 -0.09301368746516993
-0.22061141905409545 -0.021146588027477264 0.5184224596225884 -0.20356583372629022 -0.11934741586446762 0.37393002165806816 -0.1995312014476539 -0.17085489630699158 0.11933064278922051 -0.2168355148516373 -0.2272047996520996 -0.0899416778466594
-0.22307349772603782 -0.020363541319966316 0.5191070609327574 -0.19332450675444773 -0.12481003254652023 0.37848608927877775 -0.16344359633050629 -0.18703140318393707 0.1281929421109508 -0.15835680899632806 -0.24720796942710876 -0.08056924664584077
-0.2250908768426645 -0.01936083845794201 0.5202864869408762 -0.18208080032272284 -0.12988582253456116 0.3857800551820222 -0.1258900554578495 -0.20286835730075836 0.143074996190153 -0.09805585274028789 -0.267112672328949 -0.06265339067991614
-0.2272582673641349 -0.018227145075798035 0.5221390148038899 -0.17106525607279394 -0.13442419469356537 0.3956020124096252 -0.08943233676257654 -0.21807852387428284 0.16379318909675528 -0.037486796519445656 -0.28796443343162537 -0.034075423672957454
-0.2297860872636291 -0.01708008162677288 0.5246868469940894 -0.16069573675782547 -0.13819991052150726 0.408143533791297 -0.05509067484585377 -0.23178285360336304 0.19005094027204994 0.019347272615711338 -0.3077782094478607 0.002940201052342963
-0.2328710054775026 -0.015718400478363037 0.5279145703952424 -0.15116329829207104 -0.14097018539905548 0.42326649620081175 -0.0234108422336961 -0.24320998787879944 0.22137050306624442 0.07176794715459263 -0.3243340253829956 0.0469527814258256
-0.23632447667523407 -0.014047317206859589 0.5317988199906811 -0.14276031986115806 -0.14247824251651764 0.44009067317150485 0.005200466261024602 -0.25172093510627747 0.2561099198334019 0.11979537439371445 -0.3363666832447052 0.09620281814043914
-0.23991952661760146 -0.012178629636764526 0.5353254192851171 -0.13597536445529998 -0.14295603334903717 0.4563932747410638 0.03022461975798973 -0.25726404786109924 0.29154892654305187 0.16283888219034554 -0.3436889350414276 0.14783285864455098
-0.24299329776862358 -0.00998794473707676 0.5386217493868876 -0.13005236182463056 -0.14228412508964539 0.4727468640421788 0.0521379503838431 -0.2598744332790375 0.327766971139559 0.20079277102573012 -0.34661802649497986 0.20137262902096237
-0.2452638334865262 -0.0072702402248978615 0.5420080686547829 -0.12383174842260854 -0.13984034955501556 0.4897505553347883 0.07221144584877986 -0.25941479206085205 0.36530854679603963 0.23471890709858317 -0.3456327021121979 0.2573715343370569
-0.24735082004814785 -0.004253278952091932 0.5452703497707571 -0.11873157787340768 -0.13664475083351135 0.5060117886314799 0.088714722026698 -0.25746843218803406 0.4005879404273853 0.26224831305710883 -0.34280481934547424 0.3096288027350102
-0.2498250171882252 -0.0010714206146076322 0.5482536584225546 -0.11563846926263116 -0.1330747902393341 0.5205245858363443 0.10103097597404417 -0.25452038645744324 0.43279819904529393 0.28336638045951384 -0.3385801613330841 0.3584920579309868
-0.25230236573780884 0.0024189637042582035 0.5517813995795401 -0.11285813398307488 -0.12799663841724396 0.5360684816900809 0.11080919367509877 -0.2491185963153839 0.46801620166851543 0.2997041711855364 -0.331612765789032 0.41220427720698566
-0.2541156633755843 0.006203964352607727 0.5559589601107856 -0.11050896054824577 -0.12198229879140854 0.5539664796718404 0.11797272788422178 -0.2424831986427307 0.5062955856098925 0.3114339948895783 -0.32351770997047424 0.4682758374899283
-0.2556041892000113 0.01003820076584816 0.5597910416767228 -0.10866460796826319 -0.11557509005069733 0.5703776980411892 0.12300799101515544 -0.23506425321102142 0.5415302944850661 0.3194548464178797 -0.31462401151657104 0.5201855922005645
-0.2568906453633589 0.013698027469217777 0.5631104000254904 -0.10755053318115115 -0.10932362079620361 0.584950927768285 0.12593173767844354 -0.22753079235553741 0.5734625034957062 0.3240569274013827 -0.30545639991760254 0.5676167099879088
-0.2581505395348691 0.01711476407945156 0.5661202353087477 -0.10710351466586249 -0.10322616994380951 0.5982653319575928 0.12714212038646858 -0.21987077593803406 0.6027510248343463 0.32590564333181127 -0.2959533631801605 0.6108538447872398
-0.26172439230386807 0.025166109204292297 0.5720886997438982 -0.10726778274196616 -0.08737599849700928 0.6281649247232493 0.12524825225616262 -0.19856414198875427 0.6713087037324117 0.32205269470863807 -0.2694425582885742 0.7123214268910699
-0.26172439230386807 0.025166109204292297 0.5720886997438982 -0.10726778274196616 -0.08737599849700928 0.6281649247232493 0.12524825225616262 -0.19856414198875427 0.6713087037324117 0.32205269470863807 -0.2694425582885742 0.7123214268910699
-0.2625120321176255 0.026870086789131165 0.5738130285760407 -0.10759164434270194 -0.08336969465017319 0.6360696735888084 0.12359774257290473 -0.19297558069229126 0.6888321200140536 0.3191864773675657 -0.2624680697917938 0.7378161785815625
-0.2625120321176255 0.026870086789131165 0.5738130285760407 -0.10759164434270194 -0.08336969465017319 0.6360696735888084 0.12359774257290473 -0.19297558069229126 0.6888321200140536 0.3191864773675657 -0.2624680697917938 0.7378161785815625
-0.2632575302316327 0.02807985059916973 0.5752348413501686 -0.10816911024589534 -0.0803525447845459 0.6424143073959131 0.12172950574388165 -0.18860505521297455 0.7029272670712995 0.3161746992077939 -0.2569119930267334 0.758249182563972
-0.26312422765833976 0.0291462242603302 0.5756045030767981 -0.10778783673976139 -0.07760284841060638 0.6467883561292905 0.12094664543827852 -0.18461298942565918 0.7136043148657248 0.31440133338750587 -0.2518972158432007 0.7738275916931424
-0.2621585775782974 0.029588202014565468 0.5756785028993819 -0.10672095493331032 -0.07588190585374832 0.6499219757990709 0.1210187220532403 -0.18192647397518158 0.7215254601629124 0.31369059569228486 -0.2484319806098938 0.7854354268138447
-0.2619365128541778 0.030798595398664474 0.5751199817580358 -0.10656173360224613 -0.07389704138040543 0.6512658976435532 0.1205832583011731 -0.17911310493946075 0.725921536808816 0.31278587514106937 -0.24494627118110657 0.7922652821414634
-0.2621387687748818 0.030414985492825508 0.5774593259444669 -0.10679638208197326 -0.07395128905773163 0.6545020436127218 0.12008393436889998 -0.17869937419891357 0.7307003613365507 0.3121909489664697 -0.24412676692008972 0.7979591764158245
-0.26157963022879877 0.029467934742569923 0.5766115885416057 -0.10630068399708463 -0.07492361962795258 0.6536122362463579 0.12065827834690974 -0.1794940084218979 0.7298351835295346 0.31296367252179663 -0.24480345845222473 0.7968911520709562
-0.26112020825714993 0.028437277302145958 0.5756442431925959 -0.1060119287236369 -0.07650474458932877 0.651630981599194 0.12139204873759502 -0.18122917413711548 0.7263392768811385 0.31421703686034963 -0.2465728372335434 0.7920433888600601
-0.2609834286682998 0.02749565988779068 0.5747516757297269 -0.10601023743054772 -0.0783473402261734 0.6487463058046481 0.12223447796526579 -0.18342991173267365 0.7203980656803061 0.31592601529961106 -0.24898025393486023 0.7834426883128031
-0.2603088090598849 0.027506718412041664 0.573560536340809 -0.10543179404379091 -0.0794152244925499 0.6446823927584194 0.12405360055971607 -0.18503323197364807 0.7115625158704509 0.3189696900194654 -0.2509552538394928 0.7704409555526932
-0.25964659192820355 0.027994439005851746 0.5723791873081545 -0.10483045094128096 -0.08014720678329468 0.6397990450028335 0.12613188938854208 -0.18651442229747772 0.70025133160284 0.32251796384681874 -0.25298798084259033 0.7534194420112411
-0.2595678007664298 0.030825577676296234 0.5709630923205012 -0.1050321629695058 -0.07952432334423065 0.6310893929135317 0.1283804926651575 -0.187088280916214 0.6791538501911453 0.32719276037368145 -0.2544247806072235 0.7211829202100917
-0.2595377432707317 0.03239402174949646 0.5703745521051743 -0.10514915144428114 -0.07874297350645065 0.6276065718893904 0.12902484879502502 -0.1866392195224762 0.6713440150846474 0.3285855048893306 -0.25425082445144653 0.7095333254274214
-0.25927992222285645 0.03559821844100952 0.5688103218925786 -0.10530744355183505 -0.07727111876010895 0.6194777968377322 0.1302998571001466 -0.18586407601833344 0.6534475813654886 0.3312738312076524 -0.2540547847747803 0.6830304262729423
-0.25544664794549493 0.03951495513319969 0.5664663867063229 -0.10224177635416716 -0.075840063393116 0.6066732091392304 0.13477778104329266 -0.18570679426193237 0.6221741115200943 0.33692343698908733 -0.25513210892677307 0.6352031132452697
-0.2505096621885556 0.04063247889280319 0.5644851545605758 -0.09829952397823306 -0.07686344534158707 0.5970782285315158 0.13909749178556924 -0.1875256448984146 0.6000525847695852 0.34127193100542746 -0.2579011023044586 0.6012425911741678
-0.24595214772539634 0.03949090093374252 0.5627933267096377 -0.09531732431225558 -0.08036981523036957 0.5866467408538689 0.14190976568285252 -0.19153474271297455 0.5763261891021165 0.34349393325643857 -0.26271873712539673 0.5648586182119129
-0.24277217862409803 0.038541700690984726 0.5609151417460767 -0.09432722426687166 -0.08369460701942444 0.5752633714635553 0.14192778002523992 -0.19519150257110596 0.5506270467934122 0.34203709007443595 -0.26688483357429504 0.5252622211598875
-0.24010084009823898 0.039975687861442566 0.5573335221290008 -0.09508475436385838 -0.08459009975194931 0.5593672032249277 0.13853829032733753 -0.19623008370399475 0.5178222392080416 0.335989674915158 -0.26825854182243347 0.4773230829504162
-0.23645311149643639 0.04269974306225777 0.5521622609661745 -0.09586679453086508 -0.08396682888269424 0.5399878613134572 0.1331974958144608 -0.19558800756931305 0.47967886025774703 0.3266943008746969 -0.2680113911628723 0.4233380857624474
-0.2292968729425979 0.04648155719041824 0.5463706305165611 -0.09366417024136457 -0.0817476287484169 0.520113294282869 0.1293475260679695 -0.19291049242019653 0.4404068488647036 0.31787337662682463 -0.265282541513443 0.3681657628360092
-0.22003956033030536 0.04463239759206772 0.5437176027064915 -0.09286608572519317 -0.08491986244916916 0.4979708183177294 0.11903735944648555 -0.1940392255783081 0.38958612374746776 0.29626434175351973 -0.26565444469451904 0.29166781494962984
-0.2142886091980333 0.04133095592260361 0.5396068753753999 -0.09532456816935428 -0.08795029670000076 0.47897893462483443 0.10483849060321832 -0.19456800818443298 0.34918396335063995 0.2718193317982612 -0.2651272714138031 0.23395308051019742
-0.2097086216386123 0.037619154900312424 0.5361640054036598 -0.10061329020486699 -0.09089250862598419 0.46092382298804707 0.0867102147476222 -0.1949789673089981 0.31096581762990533 0.24313669913043262 -0.2642361521720886 0.17974599647667328
-0.20682126762171948 0.03391457721590996 0.533221838182639 -0.10754136888079256 -0.09352695196866989 0.44510180481383826 0.0668367961464098 -0.19488322734832764 0.27684439299724534 0.2115871991811518 -0.26218414306640625 0.13055829179167838
-0.20511378492640633 0.0300742257386446 0.5307275487447386 -0.11647647400304492 -0.09565574675798416 0.4306368947419318 0.04069038795174239 -0.19167271256446838 0.243400973509369 0.16979707161064497 -0.25488337874412537 0.08216266925706363
-0.20482960720662569 0.0261305570602417 0.528363219229797 -0.13050648402119386 -0.09586311876773834 0.4160205862560242 0.004657532681641145 -0.18390344083309174 0.2101705079042864 0.11727888837458707 -0.2423393726348877 0.03589518993930465
-0.20465278819317362 0.02316688559949398 0.5261913809050669 -0.14521240625439819 -0.09411429613828659 0.40288644789244693 -0.03373512639739936 -0.17303156852722168 0.18073291513982045 0.06123658778387237 -0.22664587199687958 -0.004879790583814619
-0.20449242308690702 0.02147257886826992 0.5243938701706115 -0.16041460378761616 -0.09033889323472977 0.39201452711509377 -0.07387503843801631 -0.15921974182128906 0.15644617004082897 0.001987320896877264 -0.20779184997081757 -0.03890932855850539
-0.20471339926644544 0.021196162328124046 0.5230097033878611 -0.17501708849929687 -0.08545710146427155 0.38333699016478984 -0.11206600448856474 -0.14469362795352936 0.13728054248243668 -0.056623055727068244 -0.18759451806545258 -0.06602873589441592