1.3002978487020085
1.3002978487020085
1.0920335580738902
1.0048036893592682
1.0195692688343518
0.7642709707918536
0.7005323650717895
1.0098755582402112
1.1321630078912286
1.0569429761324667
0.8928780459256388
0.7530786629394391
0.6782995826394095
0.7634807767572647
0.8352791405188249
0.841757135738669
0.8269991898297075
0.7867011981192299
0.6370054667895722
0.5408199931349702
0.428140669863805
0.3540154256388938
0.30477686183249
0.3345811196481726
0.4515193488259657
0.579508763722601
0.6970167858394121
0.7920675226705497
0.8001645605867767
0.8185469589350137
0.8874083210201665
0.8952220272001183
0.8450273157963041
0.7775462823386597
0.7285479210912525
0.7025134291509565
0.9373667355767932
0.9554723321983765
0.5160752171493109
0.7127931382235958
0.8625354479945444
0.26313841669433896
0.27563362792603346
0.4135362271113764
0.5084142449062259
0.5780422874646656
0.6401116737884331
0.6776634451011618
0.7093261361083127
0.742796961994394
0.7108610438312314
0.6204487787802883
0.5029647619402864
0.41798321223338686
0.3557523854187092
0.3043920509893607
0.25044143203854424
0.25800834265890704
0.29901025600950354
0.337816803750959
0.3664216133921739
0.4500085917636245
0.5096045482486212
0.5766427322796364
0.6479806029834445
0.654515109231349
0.5431656937609962
0.5505094315410008
0.5654635234186843
0.5203764201855936
0.6946077099829587
0.45810309451939
0.3646529171149838
0.40058009900238123
0.5260232735782077
0.5342603255769648
0.893874310666156
0.9659462146264937
0.8517755763395914
0.7541625296799258
0.6779411452185494
0.7304924054819929
0.5585043893915242
0.5420508334935694
0.5574482327423017
0.5041549856609961
0.3601354461000223
0.10215872973695916
0.10215872973695916
0.2359678231863036
0.2359678231863036
0.4384374153713232
0.4384374153713232
0.5427234254721773
0.5764776128547495
0.62098847325488
0.6239738720212671
0.6042908321252554
0.5963195610491213
0.5738137979913976
0.5859706012884138
0.6551982637065991
0.5922119951610106
0.5012295141473893
0.3089902582944657
0.3660344777693607
0.44400723825974864
0.44400723825974864
0.5174150891981255
0.332386948291177
0.4702730330766812
0.5369746051523354
0.5966385836906469
0.6334999721870429
0.6360311319151004
0.6220999752667644
0.6028290982413529
0.5445439455708457
0.523698259555768
0.45457870523840804
0.3797240042412249
0.3016014403282794
0.2647439061411686
0.1917281716129962
0.13784119010418439
0.0959981911488067
0.10564413253278443
0.17053353410572641
0.2452804424791135
0.3069139954503497
0.36286893118953456
0.41582839450749315
0.4563738309342859
0.4780307208028405
0.5021083909078741
0.47922504259585497
0.5488189057237627
0.40506699193342427
0.2783063556677553
0.2516019456980296
0.4696483968904323
0.6583835688654455
0.6640204824449976
0.4242412760922244
0.5319902482400813
0.5515464460519017
0.7377060788035461
0.86966431142774
0.8669609788507334
0.85367906123823
0.8295989594989297
0.7640005397002702
0.6512361519100153
0.5289118286556921
0.3620067471440227
0.20666793544028
0.1104821810531832
0.1944032640237589
0.35409116136793456
0.46043928596164674
0.5951112520116114
0.7871608651973238
0.8323827041992585
0.8806995986026479
0.8639142287789467
0.8338945895400618
0.8018077642568342
0.7242909523583472
0.6410808039884149
0.643441556599398
0.6561453133534099
0.6409838587312662
0.21572530435499265
0.3864277631984523
0.41408805062825665
0.43245445189518017
0.5370293933448228
0.5295843965444678
0.40043763844374186
0.48226213081984376
0.48324524347382947
0.5693442858317713
0.5824664257532796
0.608692040226578
0.5883823810365009
0.6192865353576306
0.6552845681627563
0.6356101935142133
0.5804652756268458
0.492745239613668
0.4196780197570795
0.358181574618705
0.3125287102933954
0.234359720852368
0.1466363736671536
0.127043109934292
0.19816357023031902
0.2989711237016712
0.3361842203435901
0.41389472409939604
0.5181369992973635
0.5563385904191778
0.5748762415475535
0.5914638100279601
0.6358832686262015
0.7124603874355914
0.7743925345191982
0.8283821848925961
0.8690077055006931
0.5168721283924145
0.32084606257172027
0.20559069632771626
0.32828095999090534
0.4146247230117117
0.3922386685850938
0.4675615644837736
0.5285027188486545
0.48059095451733136
0.596832610621123
0.6218574374736466
0.7547948130660751
0.8471797389793869
0.8253136306398566
0.7456615892766133
0.6540346335002711
0.5356631640005235
0.37892245393916035
0.3252207263789692
0.25950337912388144
0.19269476462725305
0.34524090297320537
0.4871508701867693
0.5708569821567627
0.6507405058934003
0.7218880103669956
0.7409459279279716
0.7411730211417114
0.748649046089658
0.7129046338353421
0.6829705081794046
0.6350123917955118
0.7214667058752052
0.6967912261189755
0.3665488468065271
0.5304171161905715
0.6048655432732941
0.6846640363057054
0.6277632835724329
0.40450080375897024
0.5616926099505073
0.6581958989064605
0.6992589141997535
0.736471727618431
0.7453515024239235
0.7013865017453977
0.6460865629444704
0.6582113154053472
0.6141000004596185
0.5608009626885797
0.4515507638196967
0.34409186578028017
0.2668109933696517
0.20663034661536903
0.16170168838776042
0.18812840608664871
0.2616694653314091
0.31640698743331686
0.39489370439652344
0.42181686390743345
0.46713097610309356
0.510017373405789
0.5305858457886972
0.5463949517822994
0.5594395192982108
0.5565921085882809
0.5876097057990393
0.6376718807547899
0.6615499497079704
0.5902511677292538
0.37383606918916745
0.3910764685686723
0.6339727874069461
0.4081377383501014
0.3265450311267204
0.2717674494794903
0.32344847405895233
0.4184740232726659
0.4757580834332319
0.49244668654795865
0.5304351626585522
0.5194869202628906
0.5452117629466834
0.5457024295842904
0.5103010672713387
0.4665870635855971
0.37800737867416745
0.22123874243186561
0.15523802101636183
0.07822463818814336
0.09728995993866181
0.2391040075199402
0.40461647903920694
0.40461647903920694
0.5326976652516849
0.565846906323655
0.574877038083395
0.5851945084639266
0.5951484862643287
0.5722075583559176
0.5540742664750216
0.5650960281340026
0.5154375506367218
0.4835093025909072
0.4361330841202506
0.3759267282338545
0.4304773572762642
0.46467052377818485
0.48702117479975526
0.40882107587503225
0.48806069005904806
0.6416688258048429
0.6937657858946221
0.8271706683047234
0.9031376576242729
0.9267503818638172
0.9128546809204865
0.8921589451997382
0.8252561944022568
0.7011893922256437
0.5786727576718
0.5998303075706822
0.5435116516434148
0.48917924550318814
0.37547871959865586
0.2481497894470401
0.1391951225980809
0.20006693658616193
0.35027295387333335
0.46815840175687284
0.5435773105271435
0.6400897350381176
0.6906973569571193
0.7350567714859854
0.7912872925990675
0.8204539493565224
0.8217706987229308
0.8294418368340148
0.9062000575766125
0.8392516203609436
0.7125593036497064
0.5530953059528768
0.7407381999917904
0.7265200508382224
0.5728908624671012
0.5311348387670749
0.3449107806832878
0.3423188652709825
0.3540659941945311
0.49160195905023896
0.620310224586921
0.7294946559226202
0.8115304376874143
0.7804578478262373
0.6939068714153679
0.5805836820031215
0.40754743429143514
0.2640697183798114
0.14932426008376487
0.18151590310212767
0.31023183354149764
0.4631439009583451
0.600259723559733
0.7233302747860229
0.79956480959954
0.8481575183872494
0.8568144608552163
0.818190338773531
0.7632025089326352
0.6942754214795621
0.602981249086389
0.5422280927692468
0.539096381792304
0.5677540851304341
0.49513524577869655
0.4716038276318805
0.6650048483881834
0.4984283117094025
0.6098279324976098
0.48459605557145996
0.5958300931221538
0.5716058878637558
0.6263449742160478
0.6397182650903708
0.6841106517058331
0.7024673798654169
0.7030247028859496
0.6815565285601661
0.6225321745459972
0.5610576739770127
0.508287321219494
0.3883139983252438
0.35187279015019696
0.2881207702718631
0.1279561859902953
0.09266535476511363
0.18664752761936784
0.3318544425924881
0.4330481036030267
0.5092794916275836
0.5664713574670397
0.5982205626838367
0.6277831094525298
0.6530265077641653
0.6863255882224475
0.698376341083367
0.6340378021619381
0.5073730555929662
0.6793693245915511
0.4629820301112907
0.477388067126694
0.5487255884078284
0.3900080594447049
0.37804482615087776
0.43732485135664984
0.45386511178249994
0.5475686504894787
0.3239547815603857
0.5089779654692022
0.5169381741240551
0.5679360830966023
0.589831743705997
0.5919219642530588
0.5089240326783324
0.4238521624773125
0.3106513406697504
0.19275215222843206
0.12535048126128398
0.20711049951336408
0.34562737351118955
0.4457104382428371
0.566935417261461
0.6557248506343771
0.71199175806076
0.7586800281848208
0.7533573790269623
0.7298630558751463
0.6740122915574172
0.6197779337846763
0.626108462410127
0.7399875458783493
0.6634734301701447
0.5307779627661964
0.3845554706603568
0.4061926710958075
0.5180932716183502
0.49731056722312655
0.3750695671228645
0.688935574572194
0.362418170911445
0.4775059869638013
0.5184605954373751
0.6403510047322888
0.7399785004522342
0.760576726484646
0.7482886068813258
0.7161226382598256
0.6510355558146598
0.5354137631070616
0.4898024497071693
0.44580049001453376
0.33259334382258077
0.2586385270368037
0.2031092132705904
0.09960449169035324
0.10856717251455414
0.22367748207472635
0.31457478874035555
0.42389400830498714
0.48539890613162856
0.4819615426900501
0.5276223401844382
0.5861965945190846
0.5651718246213318
0.5427510120127268
0.6082728320413904
0.6645768794158791
0.5800555075220898
0.8063548233614147
0.5082408530114624
0.28595727759397915
0.21469260930266992
0.5754059145221044
0.5248347901843287
0.33689050305453533
0.412794334667078
0.35647652721357276
0.4234163344189061
0.39185145561635926
0.48841410818788594
0.6223298773357284
0.6850788769404402
0.6858816054554879
0.6897037792973358
0.5764602879501104
0.5225778181457544
0.49637669525461675
0.42871107152719873
0.2283262231994675
0.06936743019256203
0.13172179079621965
0.30182043122705454
0.45329393484862035
0.6512088046261058
0.7686472889881515
0.8096478609430419
0.8092644260764392
0.7808316693093792
0.7004139336090085
0.6653439457869721
0.6018366834823643
0.5453939093836455
0.5320056806322749
0.5039664967156148
0.5098643594566119
0.42492147205824615
0.33392092530186973
0.3309618948640136
0.2630841694547501
0.891737871090484
0.7995891669655847
0.36818312682840587
0.46134633837351635
0.5481911751966994
0.6057761965619448
0.7203010137104684
0.8202139070076563
0.8874125330711029
0.8677707530965171
0.7736902347121152
0.6472635104957876
0.5257922339741272
0.40353212932122423
0.2769671723566503
0.17087470974736385
0.19526021310994934
0.15259437013032154
0.1379598466631942
0.29068651898636283
0.4188404461339921
0.5378299800567825
0.6868427499449786
0.7922305880366854
0.8111164275064268
0.8016577510635858
0.7719967883551042
0.7193685831874146
0.7031752016247316
0.6901436652707561
0.6429653528649262
0.5763638071957953
0.35663531884028904
0.4798246246767583
0.48909814009365027
0.5135989134791059
0.5712227889384032
0.5010932236893726
0.46242500062051994
0.23794974267626873
0.3594763772134347
0.4422470705436889
0.5400286815158459
0.567701432988151
0.5537816958572876
0.5199513819538654
0.4930728513818088
0.4316836181934188
0.32125647764241944
0.2199740020532238
0.10143411375431605
0.08932103262663817
0.15510202089734695
0.25483797320708595
0.3311800380426372
0.4112171003107616
0.4612605538069569
0.5059011527298479
0.5376925342933743
0.5390134080856105
0.539807313505878
0.5234830236223653
0.5185829246258108
0.4958077087585845
0.45517838668470006
0.4138275391126327
0.3877837472244486
0.44168852089371424
0.2551959229456574
0.44033479433012146
0.4143753839101401
0.2976610628958234
0.37166370772585544
0.45372202239759885
0.5490369692544373
0.4962166937041995
0.21285052457375944
0.2369386551332239
0.31832859288448534
0.38324509463753026
0.4780252187599214
0.660239420416091
0.660239420416091
0.6725491572318066
0.5873092693202578
0.4604000716650117
0.3400853181722915
0.23756539923547246
0.15838982255306824
0.10725769974414436
0.08120714040733042
