0.010952239339958168
0.010952239339958168
0.00880323647314022
0.00880323647314022
0.009932743740624245
0.007066135325573346
0.006969224977080579
0.008775394264106916
0.006479017498052784
0.008506443432821736
0.005889199463983696
0.005971129109906006
0.007912230667123956
0.005510740397420651
0.00532593805855391
0.005308975606162001
0.008174054747729257
0.008174054747729257
0.005303914593068921
0.005446001549438618
0.0064654227220122176
0.006521776807307
0.00652567003119677
0.008378679828812508
0.008378679828812508
0.0084504395562737
0.005518666861171829
0.008398929493096683
0.005435869828988319
0.008259749043277139
0.005427226397152799
0.008240577017953925
0.00831423448183195
0.008174278736580595
0.005343238322379606
0.005264374959259919
0.008183595825550163
0.008291229740471714
0.0082297966365295
0.008251175502910863
0.009165409255930321
0.008330546623631724
0.006417246300072109
0.009534731828431921
0.006352276558250395
0.0064109923777946765
0.005491647690000956
0.005341895623912149
0.005549346793263341
0.006493643343020228
0.006380943739083048
0.006612532011542339
0.009079000614867262
0.006489839811865817
0.008872436849199094
0.006630813640823065
0.006373786447584435
0.00635274949720206
0.008868046195365124
0.006407854509766852
0.006476214937379036
0.008911085670755017
0.008727058007258547
0.00862946141346441
0.00650817700582939
0.00650116785873872
0.006514006966346488
0.006411867865449084
0.006557362383778444
0.007138215220317604
0.007162846253864742
0.006584032870807721
0.009018646678981905
0.009055166703972491
0.010077576430663131
0.010145837394484164
0.009814357098142356
0.00881437518897297
0.009067367035976926
0.009069497341546965
0.007198254939979966
0.0063238164540637045
0.00928948495164475
0.00647268187938456
0.005360055062254112
0.006399817424560332
0.009826920412488014
0.006942626767060748
0.007041652239988566
0.010711049418903
0.007975087508009395
0.00698087837300661
0.009266054220271616
0.0062540359794468516
0.0071353107441426205
0.00901203707645724
0.008927530416455259
0.00950834674573056
0.008929640630975368
0.01015835196165461
0.01029232200344142
0.010346540778382242
0.010330193215640531
0.010251733953470846
0.008991693774026014
0.006313584304229439
0.008772132429986104
0.008692796892005665
0.008904770330154483
0.008892306064617456
0.008929076920899576
0.008916267785252866
0.006215441310468233
0.008928661752777501
0.00903815414698704
0.008800869364903612
0.008728865817944926
0.008658523232954539
0.006442073667265069
0.008941878776120876
0.008837522579615283
0.00885076253838262
0.009854520972984136
0.009872092990479286
0.006950284516385682
0.009808527953244517
0.00866796581706374
0.011532061519416041
0.008026227750116863
0.00866802069895608
0.006919100493739356
0.006301025458848069
0.008549969365425817
0.00856337559505665
0.008448741925644382
0.009861629562425298
0.0052805975435694435
0.005756853652810505
0.00863672203216896
0.007035750558981657
0.006974063796303244
0.009843983581072104
0.005261706168276251
0.006952645738392997
0.009195734134084099
0.006941732626827143
0.009224508790644882
0.010197297038022062
0.009285064990697263
0.009171949109544926
0.009373593868574715
0.009423938008743922
0.009444615745283227
0.009457463573062071
0.006312849791808111
0.007080588537033953
0.008313471295212831
0.008689160092394633
0.007056406995936545
0.005423510010413608
0.006931132614157889
0.006451071485868186
0.007033077937834301
0.009606267335815075
0.0064678317954100254
0.006386290540375343
0.006512950935786062
0.006480547751119879
0.006516925961402937
0.006279908374503491
0.006469967752645674
0.006471805336418166
0.0069866934623960325
0.0065142229636918556
0.006318211673659434
0.00533105338024038
0.008330734869302782
0.006496299983353149
0.009341771062770782
0.008315991170225188
0.005390854238748315
0.0064718697767848984
0.007040721600952856
0.006373012327997838
0.006432117491892233
0.006366876855034373
0.005357426115148517
0.005526915635821963
0.0064204828116632695
0.009340356199250888
0.008807826207031983
0.005954110178308536
0.006403819064316871
0.008249203884849312
0.006512978753361313
0.006426784865823221
0.009728874948878734
0.006497293315730381
0.0063566680868789825
0.006945598181490963
0.008790829294087546
0.0066643706658210105
0.006519573188857332
0.006856612285636018
0.0083864069415452
0.009013005990865675
0.009165962162247495
0.006627994413967634
0.00537574089424389
0.005318834195872746
0.005243146330913785
0.005193751964133898
0.009229832918209719
0.006438458949158653
0.006565024276316245
0.006365456861701137
0.010248468504359946
0.008861173823652303
0.008877337896184731
0.0089557805740329
0.008950577387328674
0.005353871425444064
0.0007837703369219587
0.0007979263050412145
0.0053652832311441604
0.005313084818509101
0.005356897601708068
0.005367120662300374
0.009307022390621804
0.009281051890493434
0.009329836265883693
0.01044477748824917
0.009340518362901735
0.00939025932435862
0.009371975746442149
0.008201094342108436
0.008267094929163896
0.009399044375106223
0.009399044375106223
0.009319420393635203
0.009322882649252698
0.009432349485438248
0.009301825457721482
0.00971388472176967
0.006454718591667634
0.006825367546171382
0.007106825491315727
0.008126780150277468
0.007021453549394664
0.009272794862372327
0.006538196344606199
0.008742714784101756
0.008527240752347018
0.006814312552650767
0.007005433593457722
0.006971404806053031
0.006784186992987085
0.008514783964758202
0.008571491179218783
0.008583281143666393
0.008332550001845926
0.009111596606569388
0.006904711128912036
0.006641779149374458
0.006472187790019754
0.006394980803952591
0.006484144149107245
0.006544535055317561
0.006497720839155869
0.006440115557487608
0.0065199890436873345
0.006575307066940664
0.00631468551308785
0.0064924032302167605
0.0064612262988637936
0.00643699456247539
0.009421838606537152
0.006301334556751753
0.006522141033663054
0.006483997778556606
0.0064760951885850055
0.006497947225999196
0.006535800910070086
0.006633006526915678
0.00858149163318144
0.006474517424946407
0.006435818299129716
0.006504219169234461
0.006510567897086199
0.006691164117461751
0.006605589601572827
0.006527727610681478
0.007023750182590024
0.005416837812271791
0.005469873413441707
0.005454120683444621
0.0053206103627229835
0.005402913671472066
0.009210049836784633
0.010161386036675449
0.010791327143624596
0.007748318996303972
0.008793660736255848
0.008564014973607127
0.008566216591760436
0.0069002806660767675
0.0078398758089891
0.007826742071314778
0.007921946845185289
0.010622121571946978
0.010606220088805117
0.01072740968632251
0.010142932957891955
0.010063216305957672
0.008723291478911925
0.009685188456338676
0.01003426181642272
0.01135928208682147
0.008795641481254795
0.008629497402383756
0.00862743013228676
0.010189220875291928
0.006384226531845482
0.009238659048738627
0.00930917432074594
0.008071103041763124
0.011429044740081922
0.009637603766623717
0.011294565619574103
0.011150315327401345
0.009303680082862267
0.009313355343012137
0.009435640524388254
0.009328351070526325
0.00639873288372227
0.006402177364997605
0.010152202610969309
0.011202843196764418
0.008825879390757664
0.010148927659084104
0.008771197474118947
0.010370431657918292
0.010263865022867955
0.010214495329159488
0.008840917487205124
0.009304901878632435
0.009167694475799962
0.00929710067783483
0.006428453386157688
0.00642565867252427
0.005337942726750166
0.006294789891640681
0.006317719798016792
0.00633850118550433
0.00944460832965786
0.009392575305911845
0.008289344148978816
0.008259106338160661
0.008308532862588121
0.008332674042138864
0.008268476445658438
0.008512857955860126
0.008197974013020031
0.008185816994135323
0.008407336853414788
0.010338511964653786
0.010409031743236277
0.010555853617598818
0.008501061636014728
0.008433039036333054
0.010579356111514084
0.010497994722872184
0.007080238382160794
0.008307751738632553
0.008221833987443512
0.005380914347337573
0.010976145348355108
0.00961522162098933
0.00534459795975944
0.005297572351763629
0.0053144242837430905
0.006349160722916287
0.009335304646631274
0.006580090543767735
0.009050097507195883
0.006656397758456905
0.006400681052957583
0.006387132541907154
0.008988520174065224
0.010308129276819358
0.006290476696039562
0.007715730712944139
0.009348518308557732
0.009353227233965812
0.006390198536603671
0.00906636956907357
0.009018524180005833
0.006401907532010295
0.006372093959561933
0.00635746086019152
0.006577049043897883
0.00643898551743495
0.006318893730789661
0.009055956836846499
0.006395864202599082
0.006362768888809233
0.008272987209412134
0.006311105160598933
0.006444416874868066
0.008875040570726408
0.006400381531086115
0.01029106963526872
0.00629386073515356
0.006357330711507068
0.006496992942494566
0.005486184424563727
0.005473606985464106
0.005212183512595617
0.009303622793543746
0.005282960174757412
0.005283953921493965
0.00775261856275178
0.008157089987623715
0.007804473134139371
0.009274075076255488
0.006426242066703071
0.0052362587670191285
0.0052362587670191285
0.0052817559665403815
0.005212300265455686
0.006309819688974998
0.006284554865981413
0.008006808876834734
0.008006808876834734
0.010403660148395274
0.010424522876976153
0.010465898090071217
0.010461512073831844
0.00936761831062385
0.009332863892581988
0.009407162470377048
0.009388635793653509
0.009530146672496046
0.009441592187668648
0.008306283125371013
0.00938185320412261
0.009333044333963305
0.0093489557693455
0.006405573244522541
0.009927210018863911
0.008938191553035723
0.008837027135562815
0.006350775028384448
0.00647499353042928
0.0086766064786915
0.006912689354740388
0.008478414183951944
0.006795624343942398
0.006939150439111839
0.006300151377908679
0.006422460502280264
0.006406123989966298
0.008635153314343412
0.006915468549859235
0.008794275765955505
0.00886697750411329
0.009831118199602942
0.006335436322794257
0.006918400412117349
0.006325453994790028
0.0063089649496209065
0.006487293439969302
0.006395646204589628
0.006449843191632087
0.006240905562656512
0.0070243792433229545
0.010056110461522839
0.006545242042307222
0.006509850825227935
0.009010697468229073
0.0069466984196868585
0.006372150902291342
0.006922828216754227
0.006587588309197274
0.006565967407534942
0.009310998080074458
0.00924519932514723
0.0064875341528737905
0.00939555907644546
0.009313645657040234
0.006364409910426081
0.011031780148444064
0.010321959523991718
0.006458778827841159
0.0065039326046508646
0.009867415402211097
0.006337310409309292
0.009662501588823012
0.006916175661186248
0.00972589048528904
0.009434669650165662
0.006332974279370688
0.006441732928541483
0.006472994712373096
0.006432026306274357
0.006612042069856811
0.006427249531102019
0.006406317020103788
0.006227250602504828
0.006378071679535749
0.006536443263554363
0.006395599816240054
0.006511797574747411
0.006511797574747411
0.006492273306904414
0.006329846659732369
