[0. 0. 0.]
[0. 0. 0.]
[0. 0. 0.]
[0. 0. 0.]
[0. 0. 0.]
[0. 0. 0.]
[0. 0. 0.]
[0. 0. 0.]
[0. 0. 0.]
[0. 0. 0.]
[0. 0. 0.]
[0. 0. 0.]
[0. 0. 0.]
[0. 0. 0.]
[0. 0. 0.]
[0. 0. 0.]
[0. 0. 0.]
[0. 0. 0.]
[0. 0. 0.]
[0. 0. 0.]
[0. 0. 0.]
[0. 0. 0.]
[0. 0. 0.]
[0.       2.251437 0.      ]
[0. 0. 0.]
[1.7976589 0.        0.       ]
[0. 0. 0.]
[0. 0. 0.]
[0. 0. 0.]
[2.583044 0.       0.      ]
[0. 0. 0.]
[0. 0. 0.]
[0. 0. 0.]
[6.6321397 0.        0.       ]
[0. 0. 0.]
[0. 0. 0.]
[0. 0. 0.]
[7.15573 0.      0.     ]
[0. 0. 0.]
[0. 0. 0.]
[0. 0. 0.]
[4.310891 1.483505 0.      ]
[0. 0. 0.]
[0. 0. 0.]
[4.450515 2.042001 0.      ]
[0. 0. 0.]
[0. 0. 0.]
[0. 0. 0.]
[8.778859 0.       0.      ]
[0. 0. 0.]
[0. 0. 0.]
[0. 0. 0.]
[14.0496645  4.782122   0.       ]
[0. 0. 0.]
[0. 0. 0.]
[0. 0. 0.]
[13.770417  4.36325   0.      ]
[0. 0. 0.]
[0. 0. 0.]



[0. 0. 0.]
[0. 0. 0.]
[0. 0. 0.]
[0. 0. 0.]
[0. 0. 0.]
[0. 0. 0.]
[0. 0. 0.]
[0. 0. 0.]
[0. 0. 0.]
[0. 0. 0.]
[0. 0. 0.]
[0. 0. 0.]
[0. 0. 0.]
[0. 0. 0.]
[0. 0. 0.]
[0. 0. 0.]
[0. 0. 0.]
[0. 0. 0.]
[0. 0. 0.]
[0. 0. 0.]
[0. 0. 0.]
[0. 0. 0.]
[0. 0. 0.]
[0.       1.850018 0.      ]
[0. 0. 0.]
[0. 0. 0.]
[0. 0. 0.]
[0.       4.502874 0.      ]
[0. 0. 0.]
[13.124656  0.        0.      ]
[0.       2.164172 0.      ]
[0. 0. 0.]
[0. 0. 0.]
[15.917135  0.        0.      ]
[0. 0. 0.]
[0. 0. 0.]
[0. 0. 0.]
[13.875134  0.        0.      ]
[0. 0. 0.]
[0. 0. 0.]
[0. 0. 0.]
[11.484074  0.        0.      ]
[2.286343 0.       0.      ]
[0. 0. 0.]
[7.120824 2.775027 0.      ]
[0.       1.762753 0.      ]
[0. 0. 0.]
[0. 0. 0.]
[12.915219  0.        0.      ]
[0. 0. 0.]
[0. 0. 0.]
[0. 0. 0.]
[13.770417  7.208089  0.      ]
[0. 0. 0.]
[0. 0. 0.]
[0. 0. 0.]
[17.034128  9.895851  0.      ]
[0. 0. 0.]
[0. 0. 0.]



[0. 0. 0.]
[0. 0. 0.]
[0. 0. 0.]
[0. 0. 0.]
[0. 0. 0.]
[0. 0. 0.]
[0. 0. 0.]
[0. 0. 0.]
[0. 0. 0.]
[0. 0. 0.]
[0. 0. 0.]
[0. 0. 0.]
[0. 0. 0.]
[0. 0. 0.]
[0. 0. 0.]
[0. 0. 0.]
[0. 0. 0.]
[0. 0. 0.]
[0. 0. 0.]
[0. 0. 0.]
[0. 0. 0.]
[0. 0. 0.]
[0. 0. 0.]
[0.       2.216531 0.      ]
[0.       8.237816 0.      ]
[5.951473 0.       0.      ]
[0. 0. 0.]
[ 0.     11.9204  0.    ]
[0. 0. 0.]
[23.21249  0.       0.     ]
[0.       4.433062 0.      ]
[0. 0. 0.]
[0. 0. 0.]
[19.32047  0.       0.     ]
[0.        2.5655909 0.       ]
[0. 0. 0.]
[0. 0. 0.]
[21.484644  0.        0.      ]
[0.       2.583044 0.      ]
[0. 0. 0.]
[0. 0. 0.]
[18.569992  0.        0.      ]
[0. 0. 0.]
[0. 0. 0.]
[7.242995 3.228805 0.      ]
[0.        1.8849239 0.       ]
[0. 0. 0.]
[0. 0. 0.]
[18.779428  0.        0.      ]
[0. 0. 0.]
[0. 0. 0.]
[0. 0. 0.]
[17.732248  9.77368   0.      ]
[0. 0. 0.]
[0. 0. 0.]
[0. 0. 0.]
[25.900253 19.704437  0.      ]
[0. 0. 0.]
[0. 0. 0.]



[0. 0. 0.]
[0. 0. 0.]
[0. 0. 0.]
[0. 0. 0.]
[0. 0. 0.]
[0. 0. 0.]
[0. 0. 0.]
[0. 0. 0.]
[0. 0. 0.]
[0. 0. 0.]
[0. 0. 0.]
[0. 0. 0.]
[0. 0. 0.]
[0. 0. 0.]
[0. 0. 0.]
[0. 0. 0.]
[0. 0. 0.]
[0. 0. 0.]
[0. 0. 0.]
[0. 0. 0.]
[0. 0. 0.]
[0. 0. 0.]
[0. 0. 0.]
[0.       2.408514 0.      ]
[0.        6.4925156 0.       ]
[6.1609087 0.        0.       ]
[0. 0. 0.]
[ 0.       14.171836  0.      ]
[0. 0. 0.]
[24.643635  0.        0.      ]
[0.      6.63214 0.     ]
[0. 0. 0.]
[0. 0. 0.]
[25.48138  0.       0.     ]
[0.       6.021285 0.      ]
[0. 0. 0.]
[0. 0. 0.]
[31.851727  0.        0.      ]
[0.        1.9372829 0.       ]
[0. 0. 0.]
[0. 0. 0.]
[20.54218  0.       0.     ]
[0. 0. 0.]
[0. 0. 0.]
[6.3877983 4.206173  0.       ]
[0. 0. 0.]
[0. 0. 0.]
[0. 0. 0.]
[25.341755  9.284996  0.      ]
[0. 0. 0.]
[0. 0. 0.]
[0. 0. 0.]
[27.331398 12.601067  0.      ]
[0. 0. 0.]
[0. 0. 0.]
[0. 0. 0.]
[31.293228 12.513802  0.      ]
[0. 0. 0.]
[0. 0. 0.]



[0. 0. 0.]
[0. 0. 0.]
[0. 0. 0.]
[0. 0. 0.]
[0. 0. 0.]
[0. 0. 0.]
[0. 0. 0.]
[0. 0. 0.]
[0. 0. 0.]
[0. 0. 0.]
[0. 0. 0.]
[0. 0. 0.]
[0. 0. 0.]
[0. 0. 0.]
[0. 0. 0.]
[0. 0. 0.]
[0. 0. 0.]
[0. 0. 0.]
[0. 0. 0.]
[0. 0. 0.]
[0. 0. 0.]
[0. 0. 0.]
[0. 0. 0.]
[0.      7.85385 0.     ]
[0.       2.356155 0.      ]
[14.067118  0.        0.      ]
[0.        3.5778651 0.       ]
[0.        7.2429953 0.       ]
[0. 0. 0.]
[22.392199  0.        0.      ]
[0.        5.8991137 0.       ]
[0. 0. 0.]
[0. 0. 0.]
[33.03853  0.       0.     ]
[0.       5.009011 0.      ]
[0. 0. 0.]
[0. 0. 0.]
[34.120617  0.        0.      ]
[0.       6.771764 0.      ]
[0. 0. 0.]
[0. 0. 0.]
[31.031435  0.        0.      ]
[0. 0. 0.]
[0. 0. 0.]
[6.265627  3.2462578 0.       ]
[0. 0. 0.]
[0.        1.1868039 0.       ]
[0. 0. 0.]
[9.058107 1.256616 0.      ]
[0. 0. 0.]
[0. 0. 0.]
[0. 0. 0.]
[13.979854  8.604329  0.      ]
[0. 0. 0.]
[0. 0. 0.]
[0. 0. 0.]
[14.957221  9.42462   0.      ]
[0. 0. 0.]
[0. 0. 0.]



[0. 0. 0.]
[0. 0. 0.]
[0. 0. 0.]
[0. 0. 0.]
[0. 0. 0.]
[0. 0. 0.]
[0. 0. 0.]
[0. 0. 0.]
[0. 0. 0.]
[0. 0. 0.]
[0. 0. 0.]
[0. 0. 0.]
[0. 0. 0.]
[0. 0. 0.]
[0. 0. 0.]
[0. 0. 0.]
[0. 0. 0.]
[0. 0. 0.]
[0. 0. 0.]
[0. 0. 0.]
[0. 0. 0.]
[0. 0. 0.]
[1.7453 0.     0.    ]
[0.       6.859029 0.      ]
[0. 0. 0.]
[14.451084  0.        0.      ]
[0.       1.692941 0.      ]
[0.       4.380703 0.      ]
[0. 0. 0.]
[15.707701  0.        0.      ]
[0.        4.5377803 0.       ]
[0. 0. 0.]
[0. 0. 0.]
[27.121962  0.        0.      ]
[0.        2.4434202 0.       ]
[0. 0. 0.]
[0. 0. 0.]
[21.781343  0.        0.      ]
[0.       1.937283 0.      ]
[0. 0. 0.]
[0. 0. 0.]
[22.270027  0.        0.      ]
[0. 0. 0.]
[0. 0. 0.]
[3.368429  1.4311459 0.       ]
[0. 0. 0.]
[2.548138 2.583044 0.      ]
[0. 0. 0.]
[1.658035 0.       0.      ]
[0. 0. 0.]
[0. 0. 0.]
[0. 0. 0.]
[3.752395 4.258532 0.      ]
[0. 0. 0.]
[0. 0. 0.]
[0. 0. 0.]
[3.700036 3.089181 0.      ]
[0. 0. 0.]
[0. 0. 0.]



[0. 0. 0.]
[0. 0. 0.]
[0. 0. 0.]
[0. 0. 0.]
[0. 0. 0.]
[0. 0. 0.]
[0. 0. 0.]
[0. 0. 0.]
[0. 0. 0.]
[0. 0. 0.]
[0. 0. 0.]
[0. 0. 0.]
[0. 0. 0.]
[0. 0. 0.]
[0. 0. 0.]
[0. 0. 0.]
[0. 0. 0.]
[0. 0. 0.]
[0. 0. 0.]
[0. 0. 0.]
[0. 0. 0.]
[0. 0. 0.]
[2.478326 0.       0.      ]
[0. 0. 0.]
[0.       1.780206 0.      ]
[7.1906357 0.        0.       ]
[0. 0. 0.]
[0.        2.8971982 0.       ]
[0. 0. 0.]
[12.321817  0.        0.      ]
[0.       2.670309 0.      ]
[0. 0. 0.]
[0. 0. 0.]
[17.610077  0.        0.      ]
[0.        2.4259672 0.       ]
[0. 0. 0.]
[0. 0. 0.]
[22.51437  0.       0.     ]
[0.       4.799575 0.      ]
[0. 0. 0.]
[0. 0. 0.]
[17.941683  0.        0.      ]
[0. 0. 0.]
[0. 0. 0.]
[2.44342 0.      0.     ]
[0. 0. 0.]
[0. 0. 0.]
[0. 0. 0.]
[8.970841 1.815112 0.      ]
[0. 0. 0.]
[0. 0. 0.]
[0. 0. 0.]
[4.8693867 2.8622918 0.       ]
[0. 0. 0.]
[0. 0. 0.]
[0. 0. 0.]
[6.63214  2.932104 0.      ]
[0. 0. 0.]
[0. 0. 0.]



[0. 0. 0.]
[0. 0. 0.]
[0. 0. 0.]
[0. 0. 0.]
[0. 0. 0.]
[0. 0. 0.]
[0. 0. 0.]
[0. 0. 0.]
[0. 0. 0.]
[0. 0. 0.]
[0. 0. 0.]
[0. 0. 0.]
[0. 0. 0.]
[0. 0. 0.]
[0. 0. 0.]
[0. 0. 0.]
[0. 0. 0.]
[0. 0. 0.]
[0. 0. 0.]
[0. 0. 0.]
[0. 0. 0.]
[0. 0. 0.]
[0. 0. 0.]
[0. 0. 0.]
[1.4311459 0.        0.       ]
[1.57077 0.      0.     ]
[0. 0. 0.]
[0.       2.722668 0.      ]
[0. 0. 0.]
[8.02838 0.      0.     ]
[0.       2.076907 0.      ]
[0. 0. 0.]
[0. 0. 0.]
[9.843492 0.       0.      ]
[0.       2.495779 0.      ]
[0. 0. 0.]
[0. 0. 0.]
[20.891241  0.        0.      ]
[0.       3.071728 0.      ]
[0. 0. 0.]
[0. 0. 0.]
[13.805323  0.        0.      ]
[0. 0. 0.]
[0. 0. 0.]
[1.762753  1.3264279 0.       ]
[0. 0. 0.]
[0. 0. 0.]
[0. 0. 0.]
[3.857113 0.       0.      ]
[0. 0. 0.]
[0. 0. 0.]
[0. 0. 0.]
[4.2759852 2.164172  0.       ]
[0. 0. 0.]
[0. 0. 0.]
[0. 0. 0.]
[5.480242 2.408514 0.      ]
[0. 0. 0.]
[0. 0. 0.]



[0. 0. 0.]
[0. 0. 0.]
[0. 0. 0.]
[0. 0. 0.]
[0. 0. 0.]
[0. 0. 0.]
[0. 0. 0.]
[0. 0. 0.]
[0. 0. 0.]
[0. 0. 0.]
[0. 0. 0.]
[0. 0. 0.]
[0. 0. 0.]
[0. 0. 0.]
[0. 0. 0.]
[0. 0. 0.]
[0. 0. 0.]
[0. 0. 0.]
[0. 0. 0.]
[0. 0. 0.]
[0. 0. 0.]
[0. 0. 0.]
[0. 0. 0.]
[0. 0. 0.]
[0. 0. 0.]
[1.064633 0.       0.      ]
[0. 0. 0.]
[0.       1.500958 0.      ]
[0. 0. 0.]
[4.677404 0.       0.      ]
[0. 0. 0.]
[0. 0. 0.]
[0. 0. 0.]
[4.956652 0.       0.      ]
[0.        1.7976589 0.       ]
[0. 0. 0.]
[0. 0. 0.]
[15.166657  0.        0.      ]
[0.        1.4311459 0.       ]
[0. 0. 0.]
[0. 0. 0.]
[10.175098  0.        0.      ]
[0. 0. 0.]
[0. 0. 0.]
[1.134445 1.186804 0.      ]
[0. 0. 0.]
[0. 0. 0.]
[0. 0. 0.]
[2.042001 0.       0.      ]
[0. 0. 0.]
[0. 0. 0.]
[0. 0. 0.]
[2.4608731 0.        0.       ]
[0. 0. 0.]
[0. 0. 0.]
[0. 0. 0.]
[2.600497 0.       0.      ]
[0. 0. 0.]
[0. 0. 0.]



[0. 0. 0.]
[0. 0. 0.]
[0. 0. 0.]
[0. 0. 0.]
[0. 0. 0.]
[0. 0. 0.]
[0. 0. 0.]
[0. 0. 0.]
[0. 0. 0.]
[0. 0. 0.]
[0. 0. 0.]
[0. 0. 0.]
[0. 0. 0.]
[0. 0. 0.]
[0. 0. 0.]
[0. 0. 0.]
[0. 0. 0.]
[0. 0. 0.]
[0. 0. 0.]
[0. 0. 0.]
[0. 0. 0.]
[0. 0. 0.]
[0. 0. 0.]
[0. 0. 0.]
[0. 0. 0.]
[1.57077 0.      0.     ]
[0. 0. 0.]
[0. 0. 0.]
[0. 0. 0.]
[3.089181 0.       0.      ]
[0. 0. 0.]
[0. 0. 0.]
[0. 0. 0.]
[2.862292 0.       0.      ]
[0. 0. 0.]
[0. 0. 0.]
[0. 0. 0.]
[8.813766 0.       0.      ]
[0. 0. 0.]
[0. 0. 0.]
[0. 0. 0.]
[5.148635 0.       0.      ]
[0. 0. 0.]
[0. 0. 0.]
[0. 0. 0.]
[0. 0. 0.]
[0. 0. 0.]
[0. 0. 0.]
[0. 0. 0.]
[0. 0. 0.]
[0. 0. 0.]
[0. 0. 0.]
[0. 0. 0.]
[0. 0. 0.]
[0. 0. 0.]
[0. 0. 0.]
[0. 0. 0.]
[0. 0. 0.]
[0. 0. 0.]



[0. 0. 0.]
[0. 0. 0.]
[0. 0. 0.]
[0. 0. 0.]
[0. 0. 0.]
[0. 0. 0.]
[0. 0. 0.]
[0. 0. 0.]
[0. 0. 0.]
[0. 0. 0.]
[0. 0. 0.]
[0. 0. 0.]
[0. 0. 0.]
[0. 0. 0.]
[0. 0. 0.]
[0. 0. 0.]
[0. 0. 0.]
[0. 0. 0.]
[0. 0. 0.]
[0. 0. 0.]
[0. 0. 0.]
[0. 0. 0.]
[0. 0. 0.]
[0. 0. 0.]
[0. 0. 0.]
[2.216531 0.       0.      ]
[0. 0. 0.]
[0. 0. 0.]
[0. 0. 0.]
[1.483505 0.       0.      ]
[0. 0. 0.]
[0. 0. 0.]
[0. 0. 0.]
[1.57077 0.      0.     ]
[0. 0. 0.]
[0. 0. 0.]
[0. 0. 0.]
[0. 0. 0.]
[0. 0. 0.]
[0. 0. 0.]
[0. 0. 0.]
[2.181625 0.       0.      ]
[0. 0. 0.]
[0. 0. 0.]
[0. 0. 0.]
[0. 0. 0.]
[1.535864 0.       0.      ]
[0. 0. 0.]
[0. 0. 0.]
[1.4311459 1.308975  0.       ]
[0. 0. 0.]
[0. 0. 0.]
[0. 0. 0.]
[0. 0. 0.]
[0. 0. 0.]
[0. 0. 0.]
[0. 0. 0.]
[0. 0. 0.]
[0. 0. 0.]



[0. 0. 0.]
[0. 0. 0.]
[0. 0. 0.]
[0. 0. 0.]
[0. 0. 0.]
[0. 0. 0.]
[0. 0. 0.]
[0. 0. 0.]
[0. 0. 0.]
[0. 0. 0.]
[0. 0. 0.]
[0. 0. 0.]
[0. 0. 0.]
[0. 0. 0.]
[0. 0. 0.]
[0. 0. 0.]
[0. 0. 0.]
[0. 0. 0.]
[0. 0. 0.]
[0. 0. 0.]
[0. 0. 0.]
[0. 0. 0.]
[0. 0. 0.]
[0. 0. 0.]
[0. 0. 0.]
[0. 0. 0.]
[0. 0. 0.]
[0. 0. 0.]
[0. 0. 0.]
[0. 0. 0.]
[0. 0. 0.]
[0. 0. 0.]
[0. 0. 0.]
[0. 0. 0.]
[0. 0. 0.]
[0. 0. 0.]
[0. 0. 0.]
[0. 0. 0.]
[0. 0. 0.]
[0. 0. 0.]
[0. 0. 0.]
[0. 0. 0.]
[1.3438809 0.        0.       ]
[0. 0. 0.]
[0. 0. 0.]
[0. 0. 0.]
[3.385882 0.       0.      ]
[0. 0. 0.]
[0. 0. 0.]
[3.66513  2.548138 0.      ]
[0. 0. 0.]
[0. 0. 0.]
[0. 0. 0.]
[0. 0. 0.]
[0. 0. 0.]
[0. 0. 0.]
[0. 0. 0.]
[2.775027 1.39624  0.      ]
[0. 0. 0.]



[0. 0. 0.]
[0. 0. 0.]
[0. 0. 0.]
[0. 0. 0.]
[0. 0. 0.]
[0. 0. 0.]
[0. 0. 0.]
[0. 0. 0.]
[0. 0. 0.]
[0. 0. 0.]
[0. 0. 0.]
[0. 0. 0.]
[0. 0. 0.]
[0. 0. 0.]
[0. 0. 0.]
[0. 0. 0.]
[0. 0. 0.]
[0. 0. 0.]
[0. 0. 0.]
[0. 0. 0.]
[0. 0. 0.]
[0. 0. 0.]
[0. 0. 0.]
[0. 0. 0.]
[0. 0. 0.]
[0. 0. 0.]
[1.0646329 0.        0.       ]
[3.193899 0.       0.      ]
[0. 0. 0.]
[0.        1.4660519 0.       ]
[0. 0. 0.]
[0. 0. 0.]
[0. 0. 0.]
[0. 0. 0.]
[5.1486354 0.        0.       ]
[0. 0. 0.]
[0. 0. 0.]
[0. 0. 0.]
[2.635403 0.       0.      ]
[0. 0. 0.]
[0. 0. 0.]
[0. 0. 0.]
[3.31607 0.      0.     ]
[0. 0. 0.]
[0. 0. 0.]
[1.500958 0.       0.      ]
[4.2410793 0.        0.       ]
[0. 0. 0.]
[0. 0. 0.]
[5.7943964 4.53778   0.       ]
[0. 0. 0.]
[0. 0. 0.]
[0. 0. 0.]
[2.164172 0.       0.      ]
[0. 0. 0.]
[0. 0. 0.]
[0. 0. 0.]
[9.913303 4.764669 0.      ]
[0. 0. 0.]



[0. 0. 0.]
[0. 0. 0.]
[0. 0. 0.]
[0. 0. 0.]
[0. 0. 0.]
[0. 0. 0.]
[0. 0. 0.]
[0. 0. 0.]
[0. 0. 0.]
[0. 0. 0.]
[0. 0. 0.]
[0. 0. 0.]
[0. 0. 0.]
[0. 0. 0.]
[0. 0. 0.]
[0. 0. 0.]
[0. 0. 0.]
[0. 0. 0.]
[0. 0. 0.]
[0. 0. 0.]
[0. 0. 0.]
[0. 0. 0.]
[0. 0. 0.]
[1.1518979 0.        0.       ]
[0. 0. 0.]
[0.       1.553317 0.      ]
[3.14154 0.      0.     ]
[8.621781 0.       0.      ]
[0. 0. 0.]
[0.       4.345797 0.      ]
[0. 0. 0.]
[0. 0. 0.]
[0. 0. 0.]
[0. 0. 0.]
[14.730332  0.        0.      ]
[0. 0. 0.]
[0. 0. 0.]
[0.       2.111813 0.      ]
[10.401988  0.        0.      ]
[0. 0. 0.]
[0. 0. 0.]
[0.        1.6580349 0.       ]
[5.8991137 0.        0.       ]
[0. 0. 0.]
[0. 0. 0.]
[7.661867  2.0070949 0.       ]
[2.6528563 0.        0.       ]
[0. 0. 0.]
[0.        4.5726857 0.       ]
[16.842146 10.64633   0.      ]
[0. 0. 0.]
[0. 0. 0.]
[0. 0. 0.]
[6.003832 2.425967 0.      ]
[0. 0. 0.]
[0. 0. 0.]
[0. 0. 0.]
[23.177584 10.99539   0.      ]
[0. 0. 0.]



[0. 0. 0.]
[0. 0. 0.]
[0. 0. 0.]
[0. 0. 0.]
[0. 0. 0.]
[0. 0. 0.]
[0. 0. 0.]
[0. 0. 0.]
[0. 0. 0.]
[0. 0. 0.]
[0. 0. 0.]
[0. 0. 0.]
[0. 0. 0.]
[0. 0. 0.]
[0. 0. 0.]
[0. 0. 0.]
[0. 0. 0.]
[0. 0. 0.]
[0. 0. 0.]
[0. 0. 0.]
[0. 0. 0.]
[0. 0. 0.]
[0. 0. 0.]
[3.176446 0.       0.      ]
[0. 0. 0.]
[0.      2.96701 0.     ]
[5.7769427 0.        0.       ]
[13.61334  0.       0.     ]
[0. 0. 0.]
[0.       8.394894 0.      ]
[6.10855 0.      0.     ]
[0. 0. 0.]
[0. 0. 0.]
[0.       1.082086 0.      ]
[27.6281  0.      0.    ]
[0. 0. 0.]
[0. 0. 0.]
[0.       4.398156 0.      ]
[23.8408  0.      0.    ]
[0. 0. 0.]
[0. 0. 0.]
[0.        3.8396602 0.       ]
[10.367082  0.        0.      ]
[0. 0. 0.]
[0. 0. 0.]
[18.639803  2.059454  0.      ]
[15.236469  0.        0.      ]
[0. 0. 0.]
[0. 0. 0.]
[34.15552  14.241648  0.      ]
[0. 0. 0.]
[0. 0. 0.]
[0. 0. 0.]
[6.003832 2.425967 0.      ]
[0. 0. 0.]
[0. 0. 0.]
[0. 0. 0.]
[32.74183  14.625614  0.      ]
[0. 0. 0.]



[0. 0. 0.]
[0. 0. 0.]
[0. 0. 0.]
[0. 0. 0.]
[0. 0. 0.]
[0. 0. 0.]
[0. 0. 0.]
[0. 0. 0.]
[0. 0. 0.]
[0. 0. 0.]
[0. 0. 0.]
[0. 0. 0.]
[0. 0. 0.]
[0. 0. 0.]
[0. 0. 0.]
[0. 0. 0.]
[0. 0. 0.]
[0. 0. 0.]
[0. 0. 0.]
[0. 0. 0.]
[0. 0. 0.]
[0. 0. 0.]
[0. 0. 0.]
[7.923662 0.       0.      ]
[0. 0. 0.]
[0.       5.166088 0.      ]
[13.089749  0.        0.      ]
[10.855766  0.        0.      ]
[0. 0. 0.]
[0.      9.59915 0.     ]
[17.418095  0.        0.      ]
[0. 0. 0.]
[0. 0. 0.]
[0.        3.4207878 0.       ]
[35.761196  0.        0.      ]
[0. 0. 0.]
[0. 0. 0.]
[0.       8.709047 0.      ]
[36.040443  0.        0.      ]
[0. 0. 0.]
[0. 0. 0.]
[0.       5.829302 0.      ]
[13.299186  1.308975  0.      ]
[0. 0. 0.]
[0. 0. 0.]
[31.345587  0.        0.      ]
[0.       2.583044 0.      ]
[0. 0. 0.]
[0. 0. 0.]
[34.103165 18.814333  0.      ]
[0. 0. 0.]
[0. 0. 0.]
[0. 0. 0.]
[6.003832 2.425967 0.      ]
[0. 0. 0.]
[0. 0. 0.]
[0. 0. 0.]
[35.970634 13.229374  0.      ]
[0. 0. 0.]



[0. 0. 0.]
[0. 0. 0.]
[0. 0. 0.]
[0. 0. 0.]
[0. 0. 0.]
[0. 0. 0.]
[0. 0. 0.]
[0. 0. 0.]
[0. 0. 0.]
[0. 0. 0.]
[0. 0. 0.]
[0. 0. 0.]
[0. 0. 0.]
[0. 0. 0.]
[0. 0. 0.]
[0. 0. 0.]
[0. 0. 0.]
[0. 0. 0.]
[0. 0. 0.]
[0. 0. 0.]
[0. 0. 0.]
[0. 0. 0.]
[0. 0. 0.]
[16.28365  0.       0.     ]
[0. 0. 0.]
[0.       6.701952 0.      ]
[19.96623  0.       0.     ]
[9.860947 0.       0.      ]
[0. 0. 0.]
[0.        4.9566517 0.       ]
[30.577656  0.        0.      ]
[0. 0. 0.]
[0. 0. 0.]
[0.       9.511886 0.      ]
[31.694647  0.        0.      ]
[0. 0. 0.]
[0. 0. 0.]
[0.       5.445336 0.      ]
[33.125793  0.        0.      ]
[0. 0. 0.]
[0. 0. 0.]
[ 0.       10.210005  0.      ]
[15.515717  5.480242  0.      ]
[2.3910608 0.        0.       ]
[0. 0. 0.]
[27.907349  0.        0.      ]
[ 6.8939323 17.418095   0.       ]
[0. 0. 0.]
[0. 0. 0.]
[35.080532 18.849241  0.      ]
[0. 0. 0.]
[0. 0. 0.]
[0. 0. 0.]
[34.644207 17.034128  0.      ]
[0. 0. 0.]
[0. 0. 0.]
[0. 0. 0.]
[35.080532  7.260448  0.      ]
[0. 0. 0.]



[0. 0. 0.]
[0. 0. 0.]
[0. 0. 0.]
[0. 0. 0.]
[0. 0. 0.]
[0. 0. 0.]
[0. 0. 0.]
[0. 0. 0.]
[0. 0. 0.]
[0. 0. 0.]
[0. 0. 0.]
[0. 0. 0.]
[0. 0. 0.]
[0. 0. 0.]
[0. 0. 0.]
[0. 0. 0.]
[0. 0. 0.]
[0. 0. 0.]
[0. 0. 0.]
[0. 0. 0.]
[0. 0. 0.]
[0. 0. 0.]
[0. 0. 0.]
[19.303019  0.        0.      ]
[7.0161057 0.        0.       ]
[0.       9.616603 0.      ]
[29.408304  1.116992  0.      ]
[0. 0. 0.]
[0. 0. 0.]
[ 0.      16.63271  0.     ]
[25.812986  0.        0.      ]
[0. 0. 0.]
[0. 0. 0.]
[ 0.       10.000569  0.      ]
[27.436115  0.        0.      ]
[0. 0. 0.]
[0. 0. 0.]
[ 0.       10.628878  0.      ]
[22.636541  0.        0.      ]
[0. 0. 0.]
[0. 0. 0.]
[0.       9.808586 0.      ]
[0.       2.775027 0.      ]
[5.672225 0.       0.      ]
[11.379356  0.        0.      ]
[0.        4.9566517 0.       ]
[0. 0. 0.]
[0. 0. 0.]
[40.421146   8.3774395  0.       ]
[0. 0. 0.]
[0. 0. 0.]
[0. 0. 0.]
[17.487907  0.        0.      ]
[23.21249  22.828524  0.      ]
[0. 0. 0.]
[0. 0. 0.]
[0. 0. 0.]
[0.        6.4925165 0.       ]
[0. 0. 0.]



[0. 0. 0.]
[0. 0. 0.]
[0. 0. 0.]
[0. 0. 0.]
[0. 0. 0.]
[0. 0. 0.]
[0. 0. 0.]
[0. 0. 0.]
[0. 0. 0.]
[0. 0. 0.]
[0. 0. 0.]
[0. 0. 0.]
[0. 0. 0.]
[0. 0. 0.]
[0. 0. 0.]
[0. 0. 0.]
[0. 0. 0.]
[0. 0. 0.]
[0. 0. 0.]
[0. 0. 0.]
[0. 0. 0.]
[0. 0. 0.]
[0. 0. 0.]
[16.353462  0.        0.      ]
[8.342534 0.       0.      ]
[ 0.       13.665699  0.      ]
[29.408304  1.116992  0.      ]
[0. 0. 0.]
[0. 0. 0.]
[ 0.       13.526075  0.      ]
[26.92998  0.       0.     ]
[0. 0. 0.]
[0. 0. 0.]
[0. 0. 0.]
[21.29266  0.       0.     ]
[0. 0. 0.]
[0. 0. 0.]
[0. 0. 0.]
[24.556372  0.        0.      ]
[0. 0. 0.]
[0. 0. 0.]
[0.        3.7523952 0.       ]
[0. 0. 0.]
[17.173752  0.        0.      ]
[0.       4.764669 0.      ]
[7.8014913 0.        0.       ]
[28.570562 11.763323  0.      ]
[0. 0. 0.]
[0. 0. 0.]
[0. 0. 0.]
[0. 0. 0.]
[0. 0. 0.]
[0.       3.228805 0.      ]
[31.485212 20.367651  0.      ]
[0. 0. 0.]
[0. 0. 0.]
[0. 0. 0.]
[8.796312 0.       0.      ]
[0. 0. 0.]



[0. 0. 0.]
[0. 0. 0.]
[0. 0. 0.]
[0. 0. 0.]
[0. 0. 0.]
[0. 0. 0.]
[0. 0. 0.]
[0. 0. 0.]
[0. 0. 0.]
[0. 0. 0.]
[0. 0. 0.]
[0. 0. 0.]
[0. 0. 0.]
[0. 0. 0.]
[0. 0. 0.]
[0. 0. 0.]
[0. 0. 0.]
[0. 0. 0.]
[0. 0. 0.]
[0. 0. 0.]
[0. 0. 0.]
[0. 0. 0.]
[0. 0. 0.]
[0. 0. 0.]
[3.3684287 0.        0.       ]
[4.921746 4.031643 0.      ]
[29.408304  1.116992  0.      ]
[0. 0. 0.]
[0. 0. 0.]
[1.850018 3.158993 0.      ]
[7.766585 0.       0.      ]
[0. 0. 0.]
[0. 0. 0.]
[0.       2.495779 0.      ]
[6.824123 0.       0.      ]
[0. 0. 0.]
[0. 0. 0.]
[0.       1.937283 0.      ]
[2.670309 0.       0.      ]
[0. 0. 0.]
[0. 0. 0.]
[1.867471  4.3981557 0.       ]
[0. 0. 0.]
[0. 0. 0.]
[7.3302603 2.2688901 0.       ]
[0. 0. 0.]
[0. 0. 0.]
[0. 0. 0.]
[14.538349  6.178362  0.      ]
[0. 0. 0.]
[0. 0. 0.]
[0. 0. 0.]
[0.       1.151898 0.      ]
[27.034697 20.83888   0.      ]
[0. 0. 0.]
[0. 0. 0.]
[0. 0. 0.]
[3.036822 0.       0.      ]
[0. 0. 0.]



[0. 0. 0.]
[0. 0. 0.]
[0. 0. 0.]
[0. 0. 0.]
[0. 0. 0.]
[0. 0. 0.]
[0. 0. 0.]
[0. 0. 0.]
[0. 0. 0.]
[0. 0. 0.]
[0. 0. 0.]
[0. 0. 0.]
[0. 0. 0.]
[0. 0. 0.]
[0. 0. 0.]
[0. 0. 0.]
[0. 0. 0.]
[0. 0. 0.]
[0. 0. 0.]
[0. 0. 0.]
[0. 0. 0.]
[0. 0. 0.]
[4.659951 2.844839 0.      ]
[0. 0. 0.]
[ 0.       14.817596  0.      ]
[18.622353  0.        0.      ]
[22.078045  0.        0.      ]
[0. 0. 0.]
[0. 0. 0.]
[3.0717282 1.4485991 0.       ]
[0. 0. 0.]
[0. 0. 0.]
[0. 0. 0.]
[0.       1.378787 0.      ]
[0. 0. 0.]
[0. 0. 0.]
[0. 0. 0.]
[0. 0. 0.]
[0. 0. 0.]
[0. 0. 0.]
[0. 0. 0.]
[0. 0. 0.]
[0. 0. 0.]
[0. 0. 0.]
[4.206173 2.146719 0.      ]
[0. 0. 0.]
[0. 0. 0.]
[0. 0. 0.]
[0. 0. 0.]
[0. 0. 0.]
[0. 0. 0.]
[0. 0. 0.]
[0. 0. 0.]
[5.864208 0.       0.      ]
[0. 0. 0.]
[0. 0. 0.]
[0. 0. 0.]
[0. 0. 0.]
[0. 0. 0.]



[0. 0. 0.]
[0. 0. 0.]
[0. 0. 0.]
[0. 0. 0.]
[0. 0. 0.]
[0. 0. 0.]
[0. 0. 0.]
[0. 0. 0.]
[0. 0. 0.]
[0. 0. 0.]
[0. 0. 0.]
[0. 0. 0.]
[0. 0. 0.]
[0. 0. 0.]
[0. 0. 0.]
[0. 0. 0.]
[0. 0. 0.]
[0. 0. 0.]
[0. 0. 0.]
[0. 0. 0.]
[0. 0. 0.]
[0. 0. 0.]
[0. 0. 0.]
[8.621782 0.       0.      ]
[6.5797806 0.        0.       ]
[0.       5.288259 0.      ]
[33.544666   1.6231289  0.       ]
[0. 0. 0.]
[0. 0. 0.]
[0. 0. 0.]
[9.110466  1.3438809 0.       ]
[0. 0. 0.]
[0. 0. 0.]
[0. 0. 0.]
[8.499611 1.466052 0.      ]
[0. 0. 0.]
[0. 0. 0.]
[0. 0. 0.]
[8.220364 0.       0.      ]
[0. 0. 0.]
[0. 0. 0.]
[0. 0. 0.]
[0. 0. 0.]
[0. 0. 0.]
[2.635403 0.       0.      ]
[0. 0. 0.]
[2.635403 1.099539 0.      ]
[0. 0. 0.]
[0. 0. 0.]
[0. 0. 0.]
[0. 0. 0.]
[0. 0. 0.]
[0. 0. 0.]
[4.1887197 0.        0.       ]
[0. 0. 0.]
[0. 0. 0.]
[0. 0. 0.]
[0. 0. 0.]
[0. 0. 0.]



[0. 0. 0.]
[0. 0. 0.]
[0. 0. 0.]
[0. 0. 0.]
[0. 0. 0.]
[0. 0. 0.]
[0. 0. 0.]
[0. 0. 0.]
[0. 0. 0.]
[0. 0. 0.]
[0. 0. 0.]
[0. 0. 0.]
[0. 0. 0.]
[0. 0. 0.]
[0. 0. 0.]
[0. 0. 0.]
[0. 0. 0.]
[0. 0. 0.]
[0. 0. 0.]
[0. 0. 0.]
[0. 0. 0.]
[0. 0. 0.]
[0. 0. 0.]
[0.       1.640582 0.      ]
[0.       2.757574 0.      ]
[3.66513 0.      0.     ]
[22.130404  3.542959  0.      ]
[0. 0. 0.]
[0. 0. 0.]
[0. 0. 0.]
[0.      1.91983 0.     ]
[0. 0. 0.]
[0. 0. 0.]
[0. 0. 0.]
[0.     1.7453 0.    ]
[0. 0. 0.]
[0. 0. 0.]
[0. 0. 0.]
[0.       1.413693 0.      ]
[0. 0. 0.]
[0. 0. 0.]
[1.0471799 0.        0.       ]
[0. 0. 0.]
[0. 0. 0.]
[3.14154 0.      0.     ]
[0. 0. 0.]
[0. 0. 0.]
[0. 0. 0.]
[0. 0. 0.]
[0. 0. 0.]
[0. 0. 0.]
[0. 0. 0.]
[0. 0. 0.]
[3.926925 0.       0.      ]
[0. 0. 0.]
[0. 0. 0.]
[0. 0. 0.]
[0. 0. 0.]
[0. 0. 0.]



[0. 0. 0.]
[0. 0. 0.]
[0. 0. 0.]
[0. 0. 0.]
[0. 0. 0.]
[0. 0. 0.]
[0. 0. 0.]
[0. 0. 0.]
[0. 0. 0.]
[0. 0. 0.]
[0. 0. 0.]
[0. 0. 0.]
[0. 0. 0.]
[0. 0. 0.]
[0. 0. 0.]
[0. 0. 0.]
[0. 0. 0.]
[0. 0. 0.]
[0. 0. 0.]
[0. 0. 0.]
[0. 0. 0.]
[0. 0. 0.]
[0. 0. 0.]
[0. 0. 0.]
[0. 0. 0.]
[0.       1.169351 0.      ]
[0. 0. 0.]
[0. 0. 0.]
[0. 0. 0.]
[0. 0. 0.]
[0. 0. 0.]
[0. 0. 0.]
[0. 0. 0.]
[0. 0. 0.]
[0. 0. 0.]
[0. 0. 0.]
[0. 0. 0.]
[0. 0. 0.]
[0. 0. 0.]
[0. 0. 0.]
[0. 0. 0.]
[1.692941 0.       0.      ]
[0. 0. 0.]
[0. 0. 0.]
[4.2410793 1.2391629 0.       ]
[0. 0. 0.]
[0. 0. 0.]
[0. 0. 0.]
[1.466052 0.       0.      ]
[0. 0. 0.]
[0. 0. 0.]
[0. 0. 0.]
[0. 0. 0.]
[3.926925 0.       0.      ]
[0. 0. 0.]
[0. 0. 0.]
[0. 0. 0.]
[0. 0. 0.]
[0. 0. 0.]



[0. 0. 0.]
[0. 0. 0.]
[0. 0. 0.]
[0. 0. 0.]
[0. 0. 0.]
[0. 0. 0.]
[0. 0. 0.]
[0. 0. 0.]
[0. 0. 0.]
[0. 0. 0.]
[0. 0. 0.]
[0. 0. 0.]
[0. 0. 0.]
[0. 0. 0.]
[0. 0. 0.]
[0. 0. 0.]
[0. 0. 0.]
[0. 0. 0.]
[0. 0. 0.]
[0. 0. 0.]
[0. 0. 0.]
[0. 0. 0.]
[0. 0. 0.]
[0. 0. 0.]
[0. 0. 0.]
[0. 0. 0.]
[0. 0. 0.]
[0. 0. 0.]
[0. 0. 0.]
[0. 0. 0.]
[0. 0. 0.]
[0. 0. 0.]
[0. 0. 0.]
[0. 0. 0.]
[0. 0. 0.]
[0. 0. 0.]
[0. 0. 0.]
[0. 0. 0.]
[0. 0. 0.]
[0. 0. 0.]
[0. 0. 0.]
[1.413693 0.       0.      ]
[0. 0. 0.]
[0. 0. 0.]
[3.420788 0.       0.      ]
[0. 0. 0.]
[0. 0. 0.]
[0. 0. 0.]
[2.44342 0.      0.     ]
[0. 0. 0.]
[0. 0. 0.]
[0. 0. 0.]
[2.251437 0.       0.      ]
[0. 0. 0.]
[0. 0. 0.]
[0. 0. 0.]
[0. 0. 0.]
[0. 0. 0.]
[0. 0. 0.]



[0. 0. 0.]
[0. 0. 0.]
[0. 0. 0.]
[0. 0. 0.]
[0. 0. 0.]
[0. 0. 0.]
[0. 0. 0.]
[0. 0. 0.]
[0. 0. 0.]
[0. 0. 0.]
[0. 0. 0.]
[0. 0. 0.]
[0. 0. 0.]
[0. 0. 0.]
[0. 0. 0.]
[0. 0. 0.]
[0. 0. 0.]
[0. 0. 0.]
[0. 0. 0.]
[0. 0. 0.]
[0. 0. 0.]
[0. 0. 0.]
[0. 0. 0.]
[0. 0. 0.]
[0. 0. 0.]
[0. 0. 0.]
[0. 0. 0.]
[0. 0. 0.]
[0. 0. 0.]
[0.        1.0471799 0.       ]
[0. 0. 0.]
[0. 0. 0.]
[0. 0. 0.]
[0. 0. 0.]
[0. 0. 0.]
[0. 0. 0.]
[0. 0. 0.]
[1.954736 0.       0.      ]
[0. 0. 0.]
[0. 0. 0.]
[0. 0. 0.]
[0. 0. 0.]
[1.22171 0.      0.     ]
[0. 0. 0.]
[0. 0. 0.]
[0.       1.850018 0.      ]
[0. 0. 0.]
[0. 0. 0.]
[3.7698479 0.        0.       ]
[0. 0. 0.]
[0. 0. 0.]
[0. 0. 0.]
[4.4505153 3.281164  0.       ]
[1.727847 0.       0.      ]
[0. 0. 0.]
[0. 0. 0.]
[0. 0. 0.]
[0. 0. 0.]
[0. 0. 0.]



[0. 0. 0.]
[0. 0. 0.]
[0. 0. 0.]
[0. 0. 0.]
[0. 0. 0.]
[0. 0. 0.]
[0. 0. 0.]
[0. 0. 0.]
[0. 0. 0.]
[0. 0. 0.]
[0. 0. 0.]
[0. 0. 0.]
[0. 0. 0.]
[0. 0. 0.]
[0. 0. 0.]
[0. 0. 0.]
[0. 0. 0.]
[0. 0. 0.]
[0. 0. 0.]
[0. 0. 0.]
[0. 0. 0.]
[0. 0. 0.]
[0. 0. 0.]
[0.       1.343881 0.      ]
[1.3264279 0.        0.       ]
[0. 0. 0.]
[0. 0. 0.]
[0. 0. 0.]
[0. 0. 0.]
[0. 0. 0.]
[0. 0. 0.]
[0. 0. 0.]
[0. 0. 0.]
[0. 0. 0.]
[0. 0. 0.]
[0. 0. 0.]
[0. 0. 0.]
[3.7698479 0.        0.       ]
[0. 0. 0.]
[0. 0. 0.]
[0. 0. 0.]
[0. 0. 0.]
[0. 0. 0.]
[1.413693 0.       0.      ]
[0. 0. 0.]
[0.       1.256616 0.      ]
[0. 0. 0.]
[0. 0. 0.]
[6.370345 0.       0.      ]
[0. 0. 0.]
[0. 0. 0.]
[0. 0. 0.]
[7.574602  3.8047538 0.       ]
[0. 0. 0.]
[0. 0. 0.]
[0. 0. 0.]
[9.581697  3.7523952 0.       ]
[0. 0. 0.]
[0. 0. 0.]



[0. 0. 0.]
[0. 0. 0.]
[0. 0. 0.]
[0. 0. 0.]
[0. 0. 0.]
[0. 0. 0.]
[0. 0. 0.]
[0. 0. 0.]
[0. 0. 0.]
[0. 0. 0.]
[0. 0. 0.]
[0. 0. 0.]
[0. 0. 0.]
[0. 0. 0.]
[0. 0. 0.]
[0. 0. 0.]
[0. 0. 0.]
[0. 0. 0.]
[0. 0. 0.]
[0. 0. 0.]
[0. 0. 0.]
[0. 0. 0.]
[0. 0. 0.]
[0.       1.867471 0.      ]
[2.495779 0.       0.      ]
[0. 0. 0.]
[0. 0. 0.]
[0.       1.116992 0.      ]
[0. 0. 0.]
[6.0736437 0.        0.       ]
[0. 0. 0.]
[0. 0. 0.]
[0. 0. 0.]
[1.780206 0.       0.      ]
[0. 0. 0.]
[0. 0. 0.]
[0. 0. 0.]
[7.818944 0.       0.      ]
[0. 0. 0.]
[0. 0. 0.]
[0. 0. 0.]
[4.18872 0.      0.     ]
[0. 0. 0.]
[4.7472157 0.        0.       ]
[0. 0. 0.]
[0.        1.6056759 0.       ]
[0. 0. 0.]
[0. 0. 0.]
[9.162825 0.       0.      ]
[0. 0. 0.]
[0. 0. 0.]
[0. 0. 0.]
[12.478895  4.520327  0.      ]
[0. 0. 0.]
[0. 0. 0.]
[0. 0. 0.]
[15.445906  5.58496   0.      ]
[0. 0. 0.]
[0. 0. 0.]



[0. 0. 0.]
[0. 0. 0.]
[0. 0. 0.]
[0. 0. 0.]
[0. 0. 0.]
[0. 0. 0.]
[0. 0. 0.]
[0. 0. 0.]
[0. 0. 0.]
[0. 0. 0.]
[0. 0. 0.]
[0. 0. 0.]
[0. 0. 0.]
[0. 0. 0.]
[0. 0. 0.]
[0. 0. 0.]
[0. 0. 0.]
[0. 0. 0.]
[0. 0. 0.]
[0. 0. 0.]
[0. 0. 0.]
[0. 0. 0.]
[0. 0. 0.]
[0.       1.500958 0.      ]
[3.0368223 1.483505  0.       ]
[1.9896419 0.        0.       ]
[0. 0. 0.]
[0.       7.190636 0.      ]
[0. 0. 0.]
[15.882231  0.        0.      ]
[0.       2.862292 0.      ]
[0. 0. 0.]
[0. 0. 0.]
[17.173752  0.        0.      ]
[0.       1.466052 0.      ]
[0. 0. 0.]
[0. 0. 0.]
[14.695426  0.        0.      ]
[0.       1.675488 0.      ]
[0. 0. 0.]
[0. 0. 0.]
[12.129835  0.        0.      ]
[0. 0. 0.]
[3.3858824 0.        0.       ]
[0. 0. 0.]
[0.        1.8849239 0.       ]
[0. 0. 0.]
[0. 0. 0.]
[14.608161  0.        0.      ]
[0. 0. 0.]
[0. 0. 0.]
[0. 0. 0.]
[12.286912  7.173183  0.      ]
[0. 0. 0.]
[0. 0. 0.]
[0. 0. 0.]
[17.959137 12.775596  0.      ]
[0. 0. 0.]
[0. 0. 0.]



[0. 0. 0.]
[0. 0. 0.]
[0. 0. 0.]
[0. 0. 0.]
[0. 0. 0.]
[0. 0. 0.]
[0. 0. 0.]
[0. 0. 0.]
[0. 0. 0.]
[0. 0. 0.]
[0. 0. 0.]
[0. 0. 0.]
[0. 0. 0.]
[0. 0. 0.]
[0. 0. 0.]
[0. 0. 0.]
[0. 0. 0.]
[0. 0. 0.]
[0. 0. 0.]
[0. 0. 0.]
[0. 0. 0.]
[0. 0. 0.]
[0. 0. 0.]
[0.        6.0561905 0.       ]
[0.       2.757574 0.      ]
[9.564243 0.       0.      ]
[0. 0. 0.]
[ 0.       14.608161  0.      ]
[0. 0. 0.]
[24.172405  0.        0.      ]
[0.        5.8816614 0.       ]
[0. 0. 0.]
[0. 0. 0.]
[21.222847  0.        0.      ]
[0.      2.44342 0.     ]
[0. 0. 0.]
[0. 0. 0.]
[24.678541  0.        0.      ]
[0.       3.368429 0.      ]
[0. 0. 0.]
[0. 0. 0.]
[17.22611  0.       0.     ]
[0. 0. 0.]
[0. 0. 0.]
[5.986379 1.762753 0.      ]
[0.        1.5184109 0.       ]
[0. 0. 0.]
[0. 0. 0.]
[20.472368  0.        0.      ]
[0. 0. 0.]
[0. 0. 0.]
[0. 0. 0.]
[17.994043 11.798228  0.      ]
[0. 0. 0.]
[0. 0. 0.]
[0. 0. 0.]
[28.884714 23.823345  0.      ]
[0. 0. 0.]
[0. 0. 0.]



[0. 0. 0.]
[0. 0. 0.]
[0. 0. 0.]
[0. 0. 0.]
[0. 0. 0.]
[0. 0. 0.]
[0. 0. 0.]
[0. 0. 0.]
[0. 0. 0.]
[0. 0. 0.]
[0. 0. 0.]
[0. 0. 0.]
[0. 0. 0.]
[0. 0. 0.]
[0. 0. 0.]
[0. 0. 0.]
[0. 0. 0.]
[0. 0. 0.]
[0. 0. 0.]
[0. 0. 0.]
[0. 0. 0.]
[0. 0. 0.]
[0. 0. 0.]
[0.        5.3929768 0.       ]
[1.466052 3.385882 0.      ]
[9.459526 0.       0.      ]
[0. 0. 0.]
[ 0.      11.69351  0.     ]
[0. 0. 0.]
[25.65591  0.       0.     ]
[0.       6.213268 0.      ]
[0. 0. 0.]
[0. 0. 0.]
[27.75027  0.       0.     ]
[0.       5.148635 0.      ]
[0. 0. 0.]
[0. 0. 0.]
[33.05598  0.       0.     ]
[0.       6.492516 0.      ]
[0. 0. 0.]
[0. 0. 0.]
[18.953957  0.        0.      ]
[0. 0. 0.]
[0. 0. 0.]
[9.459526 4.782122 0.      ]
[0. 0. 0.]
[0. 0. 0.]
[0. 0. 0.]
[25.13232  13.159562  0.      ]
[0. 0. 0.]
[0. 0. 0.]
[0. 0. 0.]
[27.802628 15.568076  0.      ]
[0. 0. 0.]
[0. 0. 0.]
[0. 0. 0.]
[30.96162  14.538349  0.      ]
[0. 0. 0.]
[0. 0. 0.]



[0. 0. 0.]
[0. 0. 0.]
[0. 0. 0.]
[0. 0. 0.]
[0. 0. 0.]
[0. 0. 0.]
[0. 0. 0.]
[0. 0. 0.]
[0. 0. 0.]
[0. 0. 0.]
[0. 0. 0.]
[0. 0. 0.]
[0. 0. 0.]
[0. 0. 0.]
[0. 0. 0.]
[0. 0. 0.]
[0. 0. 0.]
[0. 0. 0.]
[0. 0. 0.]
[0. 0. 0.]
[0. 0. 0.]
[0. 0. 0.]
[2.530685 0.       0.      ]
[0.       3.508053 0.      ]
[0.        5.2184467 0.       ]
[13.491169  0.        0.      ]
[0.       4.642498 0.      ]
[0.        5.7071304 0.       ]
[0. 0. 0.]
[22.601635  0.        0.      ]
[0.       5.829302 0.      ]
[0. 0. 0.]
[0. 0. 0.]
[36.616394  0.        0.      ]
[0.       6.021285 0.      ]
[0. 0. 0.]
[0. 0. 0.]
[37.12253  0.       0.     ]
[ 0.       10.628877  0.      ]
[0. 0. 0.]
[0. 0. 0.]
[29.79227  0.       0.     ]
[0. 0. 0.]
[0. 0. 0.]
[2.565591  1.8849239 0.       ]
[0. 0. 0.]
[0. 0. 0.]
[0. 0. 0.]
[6.509969 0.       0.      ]
[0. 0. 0.]
[0. 0. 0.]
[0. 0. 0.]
[10.000568  8.534516  0.      ]
[0. 0. 0.]
[0. 0. 0.]
[0. 0. 0.]
[10.6114235  7.7142262  0.       ]
[0. 0. 0.]
[0. 0. 0.]



[0. 0. 0.]
[0. 0. 0.]
[0. 0. 0.]
[0. 0. 0.]
[0. 0. 0.]
[0. 0. 0.]
[0. 0. 0.]
[0. 0. 0.]
[0. 0. 0.]
[0. 0. 0.]
[0. 0. 0.]
[0. 0. 0.]
[0. 0. 0.]
[0. 0. 0.]
[0. 0. 0.]
[0. 0. 0.]
[0. 0. 0.]
[0. 0. 0.]
[0. 0. 0.]
[0. 0. 0.]
[0. 0. 0.]
[0. 0. 0.]
[2.233984 0.       0.      ]
[0. 0. 0.]
[0.       7.295354 0.      ]
[16.353462  0.        0.      ]
[0.        1.9023771 0.       ]
[0.       3.909472 0.      ]
[0. 0. 0.]
[15.376093  0.        0.      ]
[0.       3.700036 0.      ]
[0. 0. 0.]
[0. 0. 0.]
[28.273859  0.        0.      ]
[0.       2.583044 0.      ]
[0. 0. 0.]
[0. 0. 0.]
[25.324303  0.        0.      ]
[0.        1.9896419 0.       ]
[0. 0. 0.]
[0. 0. 0.]
[23.683722  0.        0.      ]
[0. 0. 0.]
[0. 0. 0.]
[3.1066341 0.        0.       ]
[0. 0. 0.]
[0. 0. 0.]
[0. 0. 0.]
[7.051012 0.       0.      ]
[0. 0. 0.]
[0. 0. 0.]
[0. 0. 0.]
[5.9863787 4.8344812 0.       ]
[0. 0. 0.]
[0. 0. 0.]
[0. 0. 0.]
[3.996737 3.612771 0.      ]
[0. 0. 0.]
[0. 0. 0.]



[0. 0. 0.]
[0. 0. 0.]
[0. 0. 0.]
[0. 0. 0.]
[0. 0. 0.]
[0. 0. 0.]
[0. 0. 0.]
[0. 0. 0.]
[0. 0. 0.]
[0. 0. 0.]
[0. 0. 0.]
[0. 0. 0.]
[0. 0. 0.]
[0. 0. 0.]
[0. 0. 0.]
[0. 0. 0.]
[0. 0. 0.]
[0. 0. 0.]
[0. 0. 0.]
[0. 0. 0.]
[0. 0. 0.]
[0. 0. 0.]
[2.373608 0.       0.      ]
[0. 0. 0.]
[0.        6.4227037 0.       ]
[13.735512  0.        0.      ]
[0. 0. 0.]
[0.       2.338702 0.      ]
[0. 0. 0.]
[11.274637  0.        0.      ]
[0.       1.972189 0.      ]
[0. 0. 0.]
[0. 0. 0.]
[16.301102  0.        0.      ]
[0.       1.675488 0.      ]
[0. 0. 0.]
[0. 0. 0.]
[17.383188  0.        0.      ]
[0.        4.0665493 0.       ]
[0. 0. 0.]
[0. 0. 0.]
[22.758713  0.        0.      ]
[0. 0. 0.]
[0. 0. 0.]
[2.076907 0.       0.      ]
[0. 0. 0.]
[0. 0. 0.]
[0. 0. 0.]
[7.103371 0.       0.      ]
[0. 0. 0.]
[0. 0. 0.]
[0. 0. 0.]
[3.473147  2.5655909 0.       ]
[0. 0. 0.]
[0. 0. 0.]
[0. 0. 0.]
[7.469884 3.874566 0.      ]
[0. 0. 0.]
[0. 0. 0.]



[0. 0. 0.]
[0. 0. 0.]
[0. 0. 0.]
[0. 0. 0.]
[0. 0. 0.]
[0. 0. 0.]
[0. 0. 0.]
[0. 0. 0.]
[0. 0. 0.]
[0. 0. 0.]
[0. 0. 0.]
[0. 0. 0.]
[0. 0. 0.]
[0. 0. 0.]
[0. 0. 0.]
[0. 0. 0.]
[0. 0. 0.]
[0. 0. 0.]
[0. 0. 0.]
[0. 0. 0.]
[0. 0. 0.]
[0. 0. 0.]
[0. 0. 0.]
[0. 0. 0.]
[0. 0. 0.]
[1.3264279 0.        0.       ]
[0. 0. 0.]
[0.       2.216531 0.      ]
[0. 0. 0.]
[6.422704 0.       0.      ]
[0.       1.954736 0.      ]
[0. 0. 0.]
[0. 0. 0.]
[7.749132 0.       0.      ]
[0.        1.6056759 0.       ]
[0. 0. 0.]
[0. 0. 0.]
[14.939768  0.        0.      ]
[0.       3.001916 0.      ]
[0. 0. 0.]
[0. 0. 0.]
[15.463358  0.        0.      ]
[0. 0. 0.]
[0. 0. 0.]
[1.4660519 0.        0.       ]
[0. 0. 0.]
[0. 0. 0.]
[0. 0. 0.]
[7.138277 0.       0.      ]
[0. 0. 0.]
[0. 0. 0.]
[0. 0. 0.]
[3.892019 2.129266 0.      ]
[0. 0. 0.]
[0. 0. 0.]
[0. 0. 0.]
[4.36325  2.303796 0.      ]
[0. 0. 0.]
[0. 0. 0.]



[0. 0. 0.]
[0. 0. 0.]
[0. 0. 0.]
[0. 0. 0.]
[0. 0. 0.]
[0. 0. 0.]
[0. 0. 0.]
[0. 0. 0.]
[0. 0. 0.]
[0. 0. 0.]
[0. 0. 0.]
[0. 0. 0.]
[0. 0. 0.]
[0. 0. 0.]
[0. 0. 0.]
[0. 0. 0.]
[0. 0. 0.]
[0. 0. 0.]
[0. 0. 0.]
[0. 0. 0.]
[0. 0. 0.]
[0. 0. 0.]
[0. 0. 0.]
[0. 0. 0.]
[0. 0. 0.]
[1.937283 0.       0.      ]
[0. 0. 0.]
[0.        1.1518979 0.       ]
[0. 0. 0.]
[3.944378 0.       0.      ]
[0.       1.064633 0.      ]
[0. 0. 0.]
[0. 0. 0.]
[4.8868403 0.        0.       ]
[0.       1.012274 0.      ]
[0. 0. 0.]
[0. 0. 0.]
[15.498263  0.        0.      ]
[0.       1.448599 0.      ]
[0. 0. 0.]
[0. 0. 0.]
[6.8066697 0.        0.       ]
[0. 0. 0.]
[0. 0. 0.]
[1.099539 0.       0.      ]
[0. 0. 0.]
[0. 0. 0.]
[0. 0. 0.]
[7.277901 0.       0.      ]
[0. 0. 0.]
[0. 0. 0.]
[0. 0. 0.]
[1.9896419 0.        0.       ]
[0. 0. 0.]
[0. 0. 0.]
[0. 0. 0.]
[1.57077 0.      0.     ]
[0. 0. 0.]
[0. 0. 0.]



[0. 0. 0.]
[0. 0. 0.]
[0. 0. 0.]
[0. 0. 0.]
[0. 0. 0.]
[0. 0. 0.]
[0. 0. 0.]
[0. 0. 0.]
[0. 0. 0.]
[0. 0. 0.]
[0. 0. 0.]
[0. 0. 0.]
[0. 0. 0.]
[0. 0. 0.]
[0. 0. 0.]
[0. 0. 0.]
[0. 0. 0.]
[0. 0. 0.]
[0. 0. 0.]
[0. 0. 0.]
[0. 0. 0.]
[0. 0. 0.]
[0. 0. 0.]
[0. 0. 0.]
[0. 0. 0.]
[1.39624 0.      0.     ]
[0. 0. 0.]
[0. 0. 0.]
[0. 0. 0.]
[1.937283 0.       0.      ]
[0. 0. 0.]
[0. 0. 0.]
[0. 0. 0.]
[2.164172 0.       0.      ]
[0. 0. 0.]
[0. 0. 0.]
[0. 0. 0.]
[7.016106 0.       0.      ]
[0. 0. 0.]
[0. 0. 0.]
[0. 0. 0.]
[3.83966 0.      0.     ]
[0. 0. 0.]
[0. 0. 0.]
[0. 0. 0.]
[0. 0. 0.]
[0. 0. 0.]
[0. 0. 0.]
[5.776943 0.       0.      ]
[0. 0. 0.]
[0. 0. 0.]
[0. 0. 0.]
[1.134445 0.       0.      ]
[0. 0. 0.]
[0. 0. 0.]
[0. 0. 0.]
[1.029727 0.       0.      ]
[0. 0. 0.]
[0. 0. 0.]



[0. 0. 0.]
[0. 0. 0.]
[0. 0. 0.]
[0. 0. 0.]
[0. 0. 0.]
[0. 0. 0.]
[0. 0. 0.]
[0. 0. 0.]
[0. 0. 0.]
[0. 0. 0.]
[0. 0. 0.]
[0. 0. 0.]
[0. 0. 0.]
[0. 0. 0.]
[0. 0. 0.]
[0. 0. 0.]
[0. 0. 0.]
[0. 0. 0.]
[0. 0. 0.]
[0. 0. 0.]
[0. 0. 0.]
[0. 0. 0.]
[0. 0. 0.]
[0. 0. 0.]
[0. 0. 0.]
[0. 0. 0.]
[0. 0. 0.]
[0. 0. 0.]
[0. 0. 0.]
[0. 0. 0.]
[0. 0. 0.]
[0. 0. 0.]
[0. 0. 0.]
[1.012274 0.       0.      ]
[0.        1.0820861 0.       ]
[0. 0. 0.]
[0. 0. 0.]
[2.722668 0.       0.      ]
[0. 0. 0.]
[0. 0. 0.]
[0. 0. 0.]
[3.333523 0.       0.      ]
[0. 0. 0.]
[0. 0. 0.]
[0. 0. 0.]
[0. 0. 0.]
[0. 0. 0.]
[0. 0. 0.]
[6.736858 0.       0.      ]
[0. 0. 0.]
[0. 0. 0.]
[0. 0. 0.]
[0. 0. 0.]
[0. 0. 0.]
[0. 0. 0.]
[0. 0. 0.]
[0. 0. 0.]
[0. 0. 0.]
[0. 0. 0.]



[0. 0. 0.]
[0. 0. 0.]
[0. 0. 0.]
[0. 0. 0.]
[0. 0. 0.]
[0. 0. 0.]
[0. 0. 0.]
[0. 0. 0.]
[0. 0. 0.]
[0. 0. 0.]
[0. 0. 0.]
[0. 0. 0.]
[0. 0. 0.]
[0. 0. 0.]
[0. 0. 0.]
[0. 0. 0.]
[0. 0. 0.]
[0. 0. 0.]
[0. 0. 0.]
[0. 0. 0.]
[0. 0. 0.]
[0. 0. 0.]
[0. 0. 0.]
[0. 0. 0.]
[0. 0. 0.]
[0. 0. 0.]
[0. 0. 0.]
[0. 0. 0.]
[0. 0. 0.]
[0. 0. 0.]
[0. 0. 0.]
[0. 0. 0.]
[0. 0. 0.]
[0. 0. 0.]
[0. 0. 0.]
[0. 0. 0.]
[0. 0. 0.]
[0. 0. 0.]
[0. 0. 0.]
[0. 0. 0.]
[0. 0. 0.]
[0. 0. 0.]
[0. 0. 0.]
[0. 0. 0.]
[0. 0. 0.]
[0. 0. 0.]
[0. 0. 0.]
[0. 0. 0.]
[6.736858 0.       0.      ]
[0. 0. 0.]
[0. 0. 0.]
[0. 0. 0.]
[0. 0. 0.]
[0. 0. 0.]
[0. 0. 0.]
[0. 0. 0.]
[0. 0. 0.]
[0. 0. 0.]
[0. 0. 0.]



[0. 0. 0.]
[0. 0. 0.]
[0. 0. 0.]
[0. 0. 0.]
[0. 0. 0.]
[0. 0. 0.]
[0. 0. 0.]
[0. 0. 0.]
[0. 0. 0.]
[0. 0. 0.]
[0. 0. 0.]
[0. 0. 0.]
[0. 0. 0.]
[0. 0. 0.]
[0. 0. 0.]
[0. 0. 0.]
[0. 0. 0.]
[0. 0. 0.]
[0. 0. 0.]
[0. 0. 0.]
[0. 0. 0.]
[0. 0. 0.]
[0. 0. 0.]
[0. 0. 0.]
[0. 0. 0.]
[0. 0. 0.]
[0. 0. 0.]
[0. 0. 0.]
[0. 0. 0.]
[0. 0. 0.]
[3.2811642 0.        0.       ]
[0. 0. 0.]
[0. 0. 0.]
[0. 0. 0.]
[3.560412 0.       0.      ]
[0. 0. 0.]
[0. 0. 0.]
[0. 0. 0.]
[1.658035 0.       0.      ]
[0. 0. 0.]
[0. 0. 0.]
[0. 0. 0.]
[0. 0. 0.]
[0. 0. 0.]
[0. 0. 0.]
[0. 0. 0.]
[0. 0. 0.]
[0. 0. 0.]
[6.736858 0.       0.      ]
[3.0193691 1.448599  0.       ]
[0. 0. 0.]
[0. 0. 0.]
[0. 0. 0.]
[2.96701  1.588223 0.      ]
[0. 0. 0.]
[0. 0. 0.]
[0. 0. 0.]
[0. 0. 0.]
[0. 0. 0.]



[0. 0. 0.]
[0. 0. 0.]
[0. 0. 0.]
[0. 0. 0.]
[0. 0. 0.]
[0. 0. 0.]
[0. 0. 0.]
[0. 0. 0.]
[0. 0. 0.]
[0. 0. 0.]
[0. 0. 0.]
[0. 0. 0.]
[0. 0. 0.]
[0. 0. 0.]
[0. 0. 0.]
[0. 0. 0.]
[0. 0. 0.]
[0. 0. 0.]
[0. 0. 0.]
[0. 0. 0.]
[0. 0. 0.]
[0. 0. 0.]
[0. 0. 0.]
[0. 0. 0.]
[0. 0. 0.]
[0.       1.204257 0.      ]
[1.2740691 0.        0.       ]
[8.098192 0.       0.      ]
[0. 0. 0.]
[0.       3.438241 0.      ]
[11.885493  0.        0.      ]
[0. 0. 0.]
[0. 0. 0.]
[0.       2.356155 0.      ]
[10.890672  0.        0.      ]
[0. 0. 0.]
[0. 0. 0.]
[0.        1.8151119 0.       ]
[7.7491317 0.        0.       ]
[0. 0. 0.]
[0. 0. 0.]
[0. 0. 0.]
[1.116992 0.       0.      ]
[0. 0. 0.]
[0. 0. 0.]
[1.588223 0.       0.      ]
[0. 0. 0.]
[0. 0. 0.]
[0. 0. 0.]
[5.93402  3.822207 0.      ]
[0. 0. 0.]
[0. 0. 0.]
[0. 0. 0.]
[8.848671 4.851934 0.      ]
[0. 0. 0.]
[0. 0. 0.]
[0. 0. 0.]
[6.021285 3.961831 0.      ]
[0. 0. 0.]



[0. 0. 0.]
[0. 0. 0.]
[0. 0. 0.]
[0. 0. 0.]
[0. 0. 0.]
[0. 0. 0.]
[0. 0. 0.]
[0. 0. 0.]
[0. 0. 0.]
[0. 0. 0.]
[0. 0. 0.]
[0. 0. 0.]
[0. 0. 0.]
[0. 0. 0.]
[0. 0. 0.]
[0. 0. 0.]
[0. 0. 0.]
[0. 0. 0.]
[0. 0. 0.]
[0. 0. 0.]
[0. 0. 0.]
[0. 0. 0.]
[0. 0. 0.]
[3.560412 0.       0.      ]
[0. 0. 0.]
[0.      2.61795 0.     ]
[2.740121 0.       0.      ]
[15.620435  0.        0.      ]
[0. 0. 0.]
[0.       7.051012 0.      ]
[25.411568  0.        0.      ]
[0. 0. 0.]
[0. 0. 0.]
[0.       4.677404 0.      ]
[23.317207  0.        0.      ]
[0. 0. 0.]
[0. 0. 0.]
[0.        3.2811642 0.       ]
[21.222847  0.        0.      ]
[0. 0. 0.]
[0. 0. 0.]
[0.       2.425967 0.      ]
[3.176446 0.       0.      ]
[1.186804 1.186804 0.      ]
[0. 0. 0.]
[3.1240869 0.        0.       ]
[0. 0. 0.]
[0. 0. 0.]
[0. 0. 0.]
[11.16992   8.534516  0.      ]
[0. 0. 0.]
[0. 0. 0.]
[0. 0. 0.]
[13.456264  8.499611  0.      ]
[0. 0. 0.]
[0. 0. 0.]
[0. 0. 0.]
[13.927494  8.586876  0.      ]
[0. 0. 0.]



[0. 0. 0.]
[0. 0. 0.]
[0. 0. 0.]
[0. 0. 0.]
[0. 0. 0.]
[0. 0. 0.]
[0. 0. 0.]
[0. 0. 0.]
[0. 0. 0.]
[0. 0. 0.]
[0. 0. 0.]
[0. 0. 0.]
[0. 0. 0.]
[0. 0. 0.]
[0. 0. 0.]
[0. 0. 0.]
[0. 0. 0.]
[0. 0. 0.]
[0. 0. 0.]
[0. 0. 0.]
[0. 0. 0.]
[0. 0. 0.]
[0. 0. 0.]
[6.317986 0.       0.      ]
[0. 0. 0.]
[0.       5.375524 0.      ]
[4.467968 0.       0.      ]
[13.892588  0.        0.      ]
[0. 0. 0.]
[0.       7.051012 0.      ]
[32.480034  0.        0.      ]
[0. 0. 0.]
[0. 0. 0.]
[0.        6.7194047 0.       ]
[35.95318  0.       0.     ]
[0. 0. 0.]
[0. 0. 0.]
[0.       7.312807 0.      ]
[36.092804  0.        0.      ]
[0. 0. 0.]
[0. 0. 0.]
[0.        4.7821217 0.       ]
[7.3128066 0.        0.       ]
[2.3212495 2.44342   0.       ]
[0. 0. 0.]
[13.875134  2.303796  0.      ]
[4.293438 0.       0.      ]
[0. 0. 0.]
[0.       3.211352 0.      ]
[33.78901  18.220932  0.      ]
[0. 0. 0.]
[0. 0. 0.]
[0. 0. 0.]
[34.15552  19.756796  0.      ]
[0. 0. 0.]
[0. 0. 0.]
[0. 0. 0.]
[30.76964  14.677973  0.      ]
[0. 0. 0.]



[0. 0. 0.]
[0. 0. 0.]
[0. 0. 0.]
[0. 0. 0.]
[0. 0. 0.]
[0. 0. 0.]
[0. 0. 0.]
[0. 0. 0.]
[0. 0. 0.]
[0. 0. 0.]
[0. 0. 0.]
[0. 0. 0.]
[0. 0. 0.]
[0. 0. 0.]
[0. 0. 0.]
[0. 0. 0.]
[0. 0. 0.]
[0. 0. 0.]
[0. 0. 0.]
[0. 0. 0.]
[0. 0. 0.]
[0. 0. 0.]
[0. 0. 0.]
[10.64633  0.       0.     ]
[0. 0. 0.]
[0.      7.33026 0.     ]
[6.038738 0.       0.      ]
[12.321817  0.        0.      ]
[0. 0. 0.]
[0.       7.051012 0.      ]
[36.70366  0.       0.     ]
[0. 0. 0.]
[0. 0. 0.]
[0.       8.429799 0.      ]
[36.389503  0.        0.      ]
[0. 0. 0.]
[0. 0. 0.]
[0.      8.90103 0.     ]
[36.75602  0.       0.     ]
[0. 0. 0.]
[0. 0. 0.]
[0.        7.5047903 0.       ]
[12.060022  2.303796  0.      ]
[2.9495573 1.9896419 0.       ]
[0. 0. 0.]
[26.319124  1.954736  0.      ]
[6.8241215 0.        0.       ]
[0. 0. 0.]
[0. 0. 0.]
[33.143246 18.535086  0.      ]
[0. 0. 0.]
[0. 0. 0.]
[0. 0. 0.]
[32.549847 24.95779   0.      ]
[0. 0. 0.]
[0. 0. 0.]
[0. 0. 0.]
[33.143246 17.453     0.      ]
[0. 0. 0.]



[0. 0. 0.]
[0. 0. 0.]
[0. 0. 0.]
[0. 0. 0.]
[0. 0. 0.]
[0. 0. 0.]
[0. 0. 0.]
[0. 0. 0.]
[0. 0. 0.]
[0. 0. 0.]
[0. 0. 0.]
[0. 0. 0.]
[0. 0. 0.]
[0. 0. 0.]
[0. 0. 0.]
[0. 0. 0.]
[0. 0. 0.]
[0. 0. 0.]
[0. 0. 0.]
[0. 0. 0.]
[0. 0. 0.]
[0. 0. 0.]
[0. 0. 0.]
[19.1983  0.      0.    ]
[1.1518974 0.        0.       ]
[0.       6.893935 0.      ]
[24.835619   2.3736079  0.       ]
[2.6004963 0.        0.       ]
[0. 0. 0.]
[ 0.       14.259101  0.      ]
[33.80646  0.       0.     ]
[0. 0. 0.]
[0. 0. 0.]
[0.       9.127919 0.      ]
[32.28805  0.       0.     ]
[0. 0. 0.]
[0. 0. 0.]
[0.       9.930757 0.      ]
[31.869177  0.        0.      ]
[0. 0. 0.]
[0. 0. 0.]
[0.       9.442074 0.      ]
[10.489252  8.150551  0.      ]
[2.8622932 2.199078  0.       ]
[0. 0. 0.]
[20.158215  3.263711  0.      ]
[3.7174892 9.77368   0.       ]
[0. 0. 0.]
[0. 0. 0.]
[23.56155  25.516285  0.      ]
[0. 0. 0.]
[0. 0. 0.]
[0. 0. 0.]
[27.27904  10.454348  0.      ]
[0. 0. 0.]
[0. 0. 0.]
[0. 0. 0.]
[27.523382 10.436893  0.      ]
[0. 0. 0.]



[0. 0. 0.]
[0. 0. 0.]
[0. 0. 0.]
[0. 0. 0.]
[0. 0. 0.]
[0. 0. 0.]
[0. 0. 0.]
[0. 0. 0.]
[0. 0. 0.]
[0. 0. 0.]
[0. 0. 0.]
[0. 0. 0.]
[0. 0. 0.]
[0. 0. 0.]
[0. 0. 0.]
[0. 0. 0.]
[0. 0. 0.]
[0. 0. 0.]
[0. 0. 0.]
[0. 0. 0.]
[0. 0. 0.]
[0. 0. 0.]
[0. 0. 0.]
[16.964317  0.        0.      ]
[5.305711 0.       0.      ]
[0.        6.8939347 0.       ]
[34.417316  4.729763  0.      ]
[0. 0. 0.]
[0. 0. 0.]
[ 0.       18.831787  0.      ]
[26.441296  0.        0.      ]
[0. 0. 0.]
[0. 0. 0.]
[ 0.      11.39681  0.     ]
[26.441296  0.        0.      ]
[0. 0. 0.]
[0. 0. 0.]
[0.       8.412346 0.      ]
[30.036613  0.        0.      ]
[0. 0. 0.]
[0. 0. 0.]
[0.      5.93402 0.     ]
[0.       6.143456 0.      ]
[24.591278  0.        0.      ]
[0. 0. 0.]
[0. 0. 0.]
[1.762753  1.2391629 0.       ]
[0. 0. 0.]
[2.2339842 0.        0.       ]
[0. 0. 0.]
[0. 0. 0.]
[0. 0. 0.]
[26.458748   1.2217101  0.       ]
[0.        5.6024127 0.       ]
[0. 0. 0.]
[0. 0. 0.]
[10.314723  0.        0.      ]
[0.       8.290175 0.      ]
[0. 0. 0.]



[0. 0. 0.]
[0. 0. 0.]
[0. 0. 0.]
[0. 0. 0.]
[0. 0. 0.]
[0. 0. 0.]
[0. 0. 0.]
[0. 0. 0.]
[0. 0. 0.]
[0. 0. 0.]
[0. 0. 0.]
[0. 0. 0.]
[0. 0. 0.]
[0. 0. 0.]
[0. 0. 0.]
[0. 0. 0.]
[0. 0. 0.]
[0. 0. 0.]
[0. 0. 0.]
[0. 0. 0.]
[0. 0. 0.]
[0. 0. 0.]
[5.358071 2.949557 0.      ]
[8.342535 0.       0.      ]
[11.117561  0.        0.      ]
[ 0.       21.449736  0.      ]
[0. 0. 0.]
[6.143456 5.340618 0.      ]
[0. 0. 0.]
[1.029727 0.       0.      ]
[0. 0. 0.]
[0. 0. 0.]
[0. 0. 0.]
[0.       2.286343 0.      ]
[0.       3.158993 0.      ]
[0. 0. 0.]
[0. 0. 0.]
[0. 0. 0.]
[7.2255425 0.        0.       ]
[0. 0. 0.]
[0. 0. 0.]
[0. 0. 0.]
[7.138277  1.4835051 0.       ]
[6.8939347 0.        0.       ]
[0.        1.2391629 0.       ]
[4.310891 0.       0.      ]
[0. 0. 0.]
[0. 0. 0.]
[ 0.       11.798228  0.      ]
[2.373608 0.       0.      ]
[0. 0. 0.]
[0. 0. 0.]
[0.       4.625045 0.      ]
[13.840229  0.        0.      ]
[0. 0. 0.]
[0. 0. 0.]
[0. 0. 0.]
[14.503443  0.        0.      ]
[0. 0. 0.]



[0. 0. 0.]
[0. 0. 0.]
[0. 0. 0.]
[0. 0. 0.]
[0. 0. 0.]
[0. 0. 0.]
[0. 0. 0.]
[0. 0. 0.]
[0. 0. 0.]
[0. 0. 0.]
[0. 0. 0.]
[0. 0. 0.]
[0. 0. 0.]
[0. 0. 0.]
[0. 0. 0.]
[0. 0. 0.]
[0. 0. 0.]
[0. 0. 0.]
[0. 0. 0.]
[0. 0. 0.]
[0. 0. 0.]
[0. 0. 0.]
[1.029727 0.       0.      ]
[2.251437 0.       0.      ]
[0.       7.120824 0.      ]
[19.1983  0.      0.    ]
[0. 0. 0.]
[0. 0. 0.]
[0. 0. 0.]
[0. 0. 0.]
[2.513232 0.       0.      ]
[0. 0. 0.]
[0. 0. 0.]
[0. 0. 0.]
[3.228805 0.       0.      ]
[0. 0. 0.]
[0. 0. 0.]
[0. 0. 0.]
[5.305712 0.       0.      ]
[0. 0. 0.]
[0. 0. 0.]
[0. 0. 0.]
[0. 0. 0.]
[0. 0. 0.]
[6.544875 1.658035 0.      ]
[0. 0. 0.]
[4.6948566 1.7976589 0.       ]
[0. 0. 0.]
[0. 0. 0.]
[0. 0. 0.]
[0. 0. 0.]
[0. 0. 0.]
[0.       2.076907 0.      ]
[2.897198 0.       0.      ]
[0. 0. 0.]
[0. 0. 0.]
[0. 0. 0.]
[3.734942  1.2391629 0.       ]
[0. 0. 0.]



[0. 0. 0.]
[0. 0. 0.]
[0. 0. 0.]
[0. 0. 0.]
[0. 0. 0.]
[0. 0. 0.]
[0. 0. 0.]
[0. 0. 0.]
[0. 0. 0.]
[0. 0. 0.]
[0. 0. 0.]
[0. 0. 0.]
[0. 0. 0.]
[0. 0. 0.]
[0. 0. 0.]
[0. 0. 0.]
[0. 0. 0.]
[0. 0. 0.]
[0. 0. 0.]
[0. 0. 0.]
[0. 0. 0.]
[0. 0. 0.]
[0. 0. 0.]
[0. 0. 0.]
[0.       1.553317 0.      ]
[2.600497 0.       0.      ]
[0.       2.042001 0.      ]
[0. 0. 0.]
[0. 0. 0.]
[0. 0. 0.]
[1.7976589 1.5184109 0.       ]
[0. 0. 0.]
[0. 0. 0.]
[0. 0. 0.]
[1.116992  1.8151121 0.       ]
[0. 0. 0.]
[0. 0. 0.]
[0. 0. 0.]
[1.7103939 0.        0.       ]
[0. 0. 0.]
[0. 0. 0.]
[0. 0. 0.]
[0. 0. 0.]
[0. 0. 0.]
[0.        1.2915219 0.       ]
[0. 0. 0.]
[6.527422 1.064633 0.      ]
[0. 0. 0.]
[0. 0. 0.]
[0. 0. 0.]
[0. 0. 0.]
[0. 0. 0.]
[0.       2.076907 0.      ]
[1.658035 0.       0.      ]
[0. 0. 0.]
[0. 0. 0.]
[0. 0. 0.]
[2.460873 0.       0.      ]
[0. 0. 0.]



[0. 0. 0.]
[0. 0. 0.]
[0. 0. 0.]
[0. 0. 0.]
[0. 0. 0.]
[0. 0. 0.]
[0. 0. 0.]
[0. 0. 0.]
[0. 0. 0.]
[0. 0. 0.]
[0. 0. 0.]
[0. 0. 0.]
[0. 0. 0.]
[0. 0. 0.]
[0. 0. 0.]
[0. 0. 0.]
[0. 0. 0.]
[0. 0. 0.]
[0. 0. 0.]
[0. 0. 0.]
[0. 0. 0.]
[0. 0. 0.]
[0. 0. 0.]
[1.378787 1.57077  0.      ]
[1.553317 0.       0.      ]
[0. 0. 0.]
[0.       1.640582 0.      ]
[0. 0. 0.]
[0. 0. 0.]
[0. 0. 0.]
[0.        2.2165308 0.       ]
[0. 0. 0.]
[0. 0. 0.]
[0. 0. 0.]
[0.        2.2165308 0.       ]
[0. 0. 0.]
[0. 0. 0.]
[0. 0. 0.]
[0.        1.7103939 0.       ]
[0. 0. 0.]
[0. 0. 0.]
[0. 0. 0.]
[0. 0. 0.]
[0. 0. 0.]
[0. 0. 0.]
[0. 0. 0.]
[7.2779007 0.        0.       ]
[0. 0. 0.]
[0. 0. 0.]
[0. 0. 0.]
[0. 0. 0.]
[0. 0. 0.]
[0.       1.675488 0.      ]
[0. 0. 0.]
[0. 0. 0.]
[0. 0. 0.]
[0.       1.116992 0.      ]
[0. 0. 0.]
[0. 0. 0.]



[0. 0. 0.]
[0. 0. 0.]
[0. 0. 0.]
[0. 0. 0.]
[0. 0. 0.]
[0. 0. 0.]
[0. 0. 0.]
[0. 0. 0.]
[0. 0. 0.]
[0. 0. 0.]
[0. 0. 0.]
[0. 0. 0.]
[0. 0. 0.]
[0. 0. 0.]
[0. 0. 0.]
[0. 0. 0.]
[0. 0. 0.]
[0. 0. 0.]
[0. 0. 0.]
[0. 0. 0.]
[0. 0. 0.]
[0. 0. 0.]
[0. 0. 0.]
[0.        1.0471799 0.       ]
[2.79248 0.      0.     ]
[0.       1.361334 0.      ]
[0. 0. 0.]
[0. 0. 0.]
[0. 0. 0.]
[0. 0. 0.]
[0. 0. 0.]
[0. 0. 0.]
[0. 0. 0.]
[0. 0. 0.]
[0. 0. 0.]
[0. 0. 0.]
[0. 0. 0.]
[0. 0. 0.]
[0. 0. 0.]
[0. 0. 0.]
[0. 0. 0.]
[0. 0. 0.]
[0. 0. 0.]
[0. 0. 0.]
[0. 0. 0.]
[0. 0. 0.]
[0. 0. 0.]
[0. 0. 0.]
[0.       1.361334 0.      ]
[0. 0. 0.]
[0. 0. 0.]
[0. 0. 0.]
[0. 0. 0.]
[0. 0. 0.]
[0. 0. 0.]
[0. 0. 0.]
[0. 0. 0.]
[0. 0. 0.]
[0. 0. 0.]



[0. 0. 0.]
[0. 0. 0.]
[0. 0. 0.]
[0. 0. 0.]
[0. 0. 0.]
[0. 0. 0.]
[0. 0. 0.]
[0. 0. 0.]
[0. 0. 0.]
[0. 0. 0.]
[0. 0. 0.]
[0. 0. 0.]
[0. 0. 0.]
[0. 0. 0.]
[0. 0. 0.]
[0. 0. 0.]
[0. 0. 0.]
[0. 0. 0.]
[0. 0. 0.]
[0. 0. 0.]
[0. 0. 0.]
[0. 0. 0.]
[0. 0. 0.]
[0. 0. 0.]
[3.281164 0.       0.      ]
[0.        1.9896419 0.       ]
[0. 0. 0.]
[0. 0. 0.]
[0. 0. 0.]
[0.       1.134445 0.      ]
[0. 0. 0.]
[0. 0. 0.]
[0. 0. 0.]
[0. 0. 0.]
[0. 0. 0.]
[0. 0. 0.]
[0. 0. 0.]
[0. 0. 0.]
[0. 0. 0.]
[0. 0. 0.]
[0. 0. 0.]
[0. 0. 0.]
[0. 0. 0.]
[0. 0. 0.]
[1.361334 0.       0.      ]
[0. 0. 0.]
[0. 0. 0.]
[0. 0. 0.]
[1.169351 0.       0.      ]
[0. 0. 0.]
[0. 0. 0.]
[0. 0. 0.]
[0. 0. 0.]
[0. 0. 0.]
[0. 0. 0.]
[0. 0. 0.]
[0. 0. 0.]
[0. 0. 0.]
[0. 0. 0.]



[0. 0. 0.]
[0. 0. 0.]
[0. 0. 0.]
[0. 0. 0.]
[0. 0. 0.]
[0. 0. 0.]
[0. 0. 0.]
[0. 0. 0.]
[0. 0. 0.]
[0. 0. 0.]
[0. 0. 0.]
[0. 0. 0.]
[0. 0. 0.]
[0. 0. 0.]
[0. 0. 0.]
[0. 0. 0.]
[0. 0. 0.]
[0. 0. 0.]
[0. 0. 0.]
[0. 0. 0.]
[0. 0. 0.]
[0. 0. 0.]
[0. 0. 0.]
[0. 0. 0.]
[3.752395 0.       0.      ]
[0.       2.251437 0.      ]
[0. 0. 0.]
[0. 0. 0.]
[0. 0. 0.]
[1.134445 1.553317 0.      ]
[0. 0. 0.]
[0. 0. 0.]
[0. 0. 0.]
[0. 0. 0.]
[0. 0. 0.]
[0. 0. 0.]
[0. 0. 0.]
[1.413693 0.       0.      ]
[0. 0. 0.]
[0. 0. 0.]
[0. 0. 0.]
[1.6056759 0.        0.       ]
[0. 0. 0.]
[0. 0. 0.]
[4.450515 1.553317 0.      ]
[0. 0. 0.]
[0. 0. 0.]
[0. 0. 0.]
[1.8500179 0.        0.       ]
[0. 0. 0.]
[0. 0. 0.]
[0. 0. 0.]
[0. 0. 0.]
[0. 0. 0.]
[0. 0. 0.]
[0. 0. 0.]
[1.623129 0.       0.      ]
[0. 0. 0.]
[0. 0. 0.]



[0. 0. 0.]
[0. 0. 0.]
[0. 0. 0.]
[0. 0. 0.]
[0. 0. 0.]
[0. 0. 0.]
[0. 0. 0.]
[0. 0. 0.]
[0. 0. 0.]
[0. 0. 0.]
[0. 0. 0.]
[0. 0. 0.]
[0. 0. 0.]
[0. 0. 0.]
[0. 0. 0.]
[0. 0. 0.]
[0. 0. 0.]
[0. 0. 0.]
[0. 0. 0.]
[0. 0. 0.]
[0. 0. 0.]
[0. 0. 0.]
[0. 0. 0.]
[0. 0. 0.]
[3.717489 0.       0.      ]
[0.        1.9896419 0.       ]
[0. 0. 0.]
[0. 0. 0.]
[0. 0. 0.]
[1.3787869 1.151898  0.       ]
[0. 0. 0.]
[0. 0. 0.]
[0. 0. 0.]
[0. 0. 0.]
[0. 0. 0.]
[0. 0. 0.]
[0. 0. 0.]
[2.530685 0.       0.      ]
[0. 0. 0.]
[0. 0. 0.]
[0. 0. 0.]
[2.7226682 0.        0.       ]
[0. 0. 0.]
[0. 0. 0.]
[6.544875 2.44342  0.      ]
[0. 0. 0.]
[0. 0. 0.]
[0. 0. 0.]
[1.7452999 0.        0.       ]
[0. 0. 0.]
[0. 0. 0.]
[0. 0. 0.]
[1.9372829 0.        0.       ]
[0. 0. 0.]
[0. 0. 0.]
[0. 0. 0.]
[3.874566 0.       0.      ]
[0. 0. 0.]
[0. 0. 0.]



[0. 0. 0.]
[0. 0. 0.]
[0. 0. 0.]
[0. 0. 0.]
[0. 0. 0.]
[0. 0. 0.]
[0. 0. 0.]
[0. 0. 0.]
[0. 0. 0.]
[0. 0. 0.]
[0. 0. 0.]
[0. 0. 0.]
[0. 0. 0.]
[0. 0. 0.]
[0. 0. 0.]
[0. 0. 0.]
[0. 0. 0.]
[0. 0. 0.]
[0. 0. 0.]
[0. 0. 0.]
[0. 0. 0.]
[0. 0. 0.]
[0. 0. 0.]
[0.       2.042001 0.      ]
[0. 0. 0.]
[0. 0. 0.]
[0. 0. 0.]
[0. 0. 0.]
[0. 0. 0.]
[1.256616 0.       0.      ]
[0. 0. 0.]
[0. 0. 0.]
[0. 0. 0.]
[4.415609 0.       0.      ]
[0. 0. 0.]
[0. 0. 0.]
[0. 0. 0.]
[4.851934 0.       0.      ]
[0. 0. 0.]
[0. 0. 0.]
[0. 0. 0.]
[1.5009581 0.        0.       ]
[0. 0. 0.]
[0. 0. 0.]
[7.1208243 0.        0.       ]
[0.       1.116992 0.      ]
[4.729763 0.       0.      ]
[0. 0. 0.]
[0. 0. 0.]
[0. 0. 0.]
[0. 0. 0.]
[0. 0. 0.]
[5.497695 3.193899 0.      ]
[0. 0. 0.]
[0. 0. 0.]
[0. 0. 0.]
[7.9760213 2.548138  0.       ]
[0. 0. 0.]
[0. 0. 0.]



[0. 0. 0.]
[0. 0. 0.]
[0. 0. 0.]
[0. 0. 0.]
[0. 0. 0.]
[0. 0. 0.]
[0. 0. 0.]
[0. 0. 0.]
[0. 0. 0.]
[0. 0. 0.]
[0. 0. 0.]
[0. 0. 0.]
[0. 0. 0.]
[0. 0. 0.]
[0. 0. 0.]
[0. 0. 0.]
[0. 0. 0.]
[0. 0. 0.]
[0. 0. 0.]
[0. 0. 0.]
[0. 0. 0.]
[0. 0. 0.]
[0. 0. 0.]
[0.        2.3910608 0.       ]
[1.780206 0.       0.      ]
[0. 0. 0.]
[0.       1.134445 0.      ]
[4.380703 0.       0.      ]
[0. 0. 0.]
[1.413693 0.       0.      ]
[0.        2.9844627 0.       ]
[0. 0. 0.]
[0. 0. 0.]
[10.873219  0.        0.      ]
[0.       1.867471 0.      ]
[0. 0. 0.]
[0. 0. 0.]
[10.663782  0.        0.      ]
[0. 0. 0.]
[0. 0. 0.]
[0. 0. 0.]
[0. 0. 0.]
[0. 0. 0.]
[4.607592  1.1518979 0.       ]
[0. 0. 0.]
[0.        1.9896421 0.       ]
[7.434978 0.       0.      ]
[0. 0. 0.]
[0. 0. 0.]
[0. 0. 0.]
[0. 0. 0.]
[0. 0. 0.]
[16.440727  6.736858  0.      ]
[0. 0. 0.]
[0. 0. 0.]
[0. 0. 0.]
[12.845409  5.724584  0.      ]
[0. 0. 0.]
[0. 0. 0.]



[0. 0. 0.]
[0. 0. 0.]
[0. 0. 0.]
[0. 0. 0.]
[0. 0. 0.]
[0. 0. 0.]
[0. 0. 0.]
[0. 0. 0.]
[0. 0. 0.]
[0. 0. 0.]
[0. 0. 0.]
[0. 0. 0.]
[0. 0. 0.]
[0. 0. 0.]
[0. 0. 0.]
[0. 0. 0.]
[0. 0. 0.]
[0. 0. 0.]
[0. 0. 0.]
[0. 0. 0.]
[0. 0. 0.]
[0. 0. 0.]
[0. 0. 0.]
[0.       2.687762 0.      ]
[1.3264279 0.        0.       ]
[0. 0. 0.]
[0. 0. 0.]
[0.       7.801491 0.      ]
[0. 0. 0.]
[15.690248  0.        0.      ]
[0.        3.2986171 0.       ]
[0. 0. 0.]
[0. 0. 0.]
[18.063854  0.        0.      ]
[0.       1.937283 0.      ]
[0. 0. 0.]
[0. 0. 0.]
[16.615255  0.        0.      ]
[0. 0. 0.]
[0. 0. 0.]
[0. 0. 0.]
[1.1518981 0.        0.       ]
[0. 0. 0.]
[0. 0. 0.]
[5.6547728 2.199078  0.       ]
[0.        1.8849239 0.       ]
[0. 0. 0.]
[0. 0. 0.]
[13.211921  1.029727  0.      ]
[0. 0. 0.]
[0. 0. 0.]
[0. 0. 0.]
[12.635972  8.674141  0.      ]
[0. 0. 0.]
[0. 0. 0.]
[0. 0. 0.]
[15.812419  9.354808  0.      ]
[0. 0. 0.]
[0. 0. 0.]



[0. 0. 0.]
[0. 0. 0.]
[0. 0. 0.]
[0. 0. 0.]
[0. 0. 0.]
[0. 0. 0.]
[0. 0. 0.]
[0. 0. 0.]
[0. 0. 0.]
[0. 0. 0.]
[0. 0. 0.]
[0. 0. 0.]
[0. 0. 0.]
[0. 0. 0.]
[0. 0. 0.]
[0. 0. 0.]
[0. 0. 0.]
[0. 0. 0.]
[0. 0. 0.]
[0. 0. 0.]
[0. 0. 0.]
[0. 0. 0.]
[0. 0. 0.]
[0.       2.809933 0.      ]
[0.       4.974105 0.      ]
[9.023201 0.       0.      ]
[0. 0. 0.]
[ 0.       13.665699  0.      ]
[0. 0. 0.]
[24.294577  0.        0.      ]
[0.        6.0736437 0.       ]
[0. 0. 0.]
[0. 0. 0.]
[22.566729  0.        0.      ]
[0.       4.258532 0.      ]
[0. 0. 0.]
[0. 0. 0.]
[26.807808  0.        0.      ]
[0.      2.61795 0.     ]
[0. 0. 0.]
[0. 0. 0.]
[5.58496 0.      0.     ]
[0. 0. 0.]
[0. 0. 0.]
[6.4925156 2.914651  0.       ]
[0. 0. 0.]
[0. 0. 0.]
[0. 0. 0.]
[15.428452  0.        0.      ]
[0. 0. 0.]
[0. 0. 0.]
[0. 0. 0.]
[11.69351   9.058107  0.      ]
[0. 0. 0.]
[0. 0. 0.]
[0. 0. 0.]
[17.732248 16.545444  0.      ]
[0. 0. 0.]
[0. 0. 0.]



[0. 0. 0.]
[0. 0. 0.]
[0. 0. 0.]
[0. 0. 0.]
[0. 0. 0.]
[0. 0. 0.]
[0. 0. 0.]
[0. 0. 0.]
[0. 0. 0.]
[0. 0. 0.]
[0. 0. 0.]
[0. 0. 0.]
[0. 0. 0.]
[0. 0. 0.]
[0. 0. 0.]
[0. 0. 0.]
[0. 0. 0.]
[0. 0. 0.]
[0. 0. 0.]
[0. 0. 0.]
[0. 0. 0.]
[0. 0. 0.]
[0. 0. 0.]
[0.        2.6528559 0.       ]
[0.        7.6444144 0.       ]
[13.9624  0.      0.    ]
[0. 0. 0.]
[ 0.        10.9604845  0.       ]
[0. 0. 0.]
[25.743174  0.        0.      ]
[0.       6.841576 0.      ]
[0. 0. 0.]
[0. 0. 0.]
[29.408304  0.        0.      ]
[0.       6.422704 0.      ]
[0. 0. 0.]
[0. 0. 0.]
[32.672016  0.        0.      ]
[0.       6.352892 0.      ]
[0. 0. 0.]
[0. 0. 0.]
[19.791702  0.        0.      ]
[0. 0. 0.]
[0. 0. 0.]
[5.6024127 3.752395  0.       ]
[0. 0. 0.]
[0. 0. 0.]
[0. 0. 0.]
[21.781343  8.168004  0.      ]
[0. 0. 0.]
[0. 0. 0.]
[0. 0. 0.]
[23.264849 13.578434  0.      ]
[0. 0. 0.]
[0. 0. 0.]
[0. 0. 0.]
[28.710186 22.793617  0.      ]
[0. 0. 0.]
[0. 0. 0.]



[0. 0. 0.]
[0. 0. 0.]
[0. 0. 0.]
[0. 0. 0.]
[0. 0. 0.]
[0. 0. 0.]
[0. 0. 0.]
[0. 0. 0.]
[0. 0. 0.]
[0. 0. 0.]
[0. 0. 0.]
[0. 0. 0.]
[0. 0. 0.]
[0. 0. 0.]
[0. 0. 0.]
[0. 0. 0.]
[0. 0. 0.]
[0. 0. 0.]
[0. 0. 0.]
[0. 0. 0.]
[0. 0. 0.]
[0. 0. 0.]
[3.7698479 0.        0.       ]
[0.       6.021285 0.      ]
[0.        2.0070949 0.       ]
[15.498264  0.        0.      ]
[0.       4.380703 0.      ]
[0.        5.0788226 0.       ]
[0. 0. 0.]
[22.304934  0.        0.      ]
[0.      5.93402 0.     ]
[0. 0. 0.]
[0. 0. 0.]
[35.70884  0.       0.     ]
[0.        4.7472157 0.       ]
[0. 0. 0.]
[0. 0. 0.]
[30.630014  0.        0.      ]
[0.        6.7194047 0.       ]
[0. 0. 0.]
[0. 0. 0.]
[28.238953  0.        0.      ]
[0. 0. 0.]
[3.8745656 0.        0.       ]
[8.307629 4.206173 0.      ]
[0. 0. 0.]
[0. 0. 0.]
[0. 0. 0.]
[16.964317  5.462789  0.      ]
[0. 0. 0.]
[0. 0. 0.]
[0. 0. 0.]
[21.030865 11.065202  0.      ]
[0. 0. 0.]
[0. 0. 0.]
[0. 0. 0.]
[25.900253  9.093013  0.      ]
[0. 0. 0.]
[0. 0. 0.]



[0. 0. 0.]
[0. 0. 0.]
[0. 0. 0.]
[0. 0. 0.]
[0. 0. 0.]
[0. 0. 0.]
[0. 0. 0.]
[0. 0. 0.]
[0. 0. 0.]
[0. 0. 0.]
[0. 0. 0.]
[0. 0. 0.]
[0. 0. 0.]
[0. 0. 0.]
[0. 0. 0.]
[0. 0. 0.]
[0. 0. 0.]
[0. 0. 0.]
[0. 0. 0.]
[0. 0. 0.]
[0. 0. 0.]
[0. 0. 0.]
[1.39624 0.      0.     ]
[0. 0. 0.]
[0.       1.553317 0.      ]
[6.4227037 0.        0.       ]
[0. 0. 0.]
[0.      8.55197 0.     ]
[0. 0. 0.]
[19.931326  0.        0.      ]
[0.       3.246258 0.      ]
[0. 0. 0.]
[0. 0. 0.]
[20.524729  0.        0.      ]
[0.       3.089181 0.      ]
[0. 0. 0.]
[0. 0. 0.]
[19.233206  0.        0.      ]
[0.       3.612771 0.      ]
[0. 0. 0.]
[0. 0. 0.]
[17.383188  0.        0.      ]
[0. 0. 0.]
[0. 0. 0.]
[0. 0. 0.]
[0. 0. 0.]
[5.846755 4.380703 0.      ]
[0. 0. 0.]
[0. 0. 0.]
[0. 0. 0.]
[0. 0. 0.]
[0. 0. 0.]
[2.059454 3.473147 0.      ]
[0. 0. 0.]
[0. 0. 0.]
[0. 0. 0.]
[23.73608   6.719405  0.      ]
[0. 0. 0.]
[0. 0. 0.]



[0. 0. 0.]
[0. 0. 0.]
[0. 0. 0.]
[0. 0. 0.]
[0. 0. 0.]
[0. 0. 0.]
[0. 0. 0.]
[0. 0. 0.]
[0. 0. 0.]
[0. 0. 0.]
[0. 0. 0.]
[0. 0. 0.]
[0. 0. 0.]
[0. 0. 0.]
[0. 0. 0.]
[0. 0. 0.]
[0. 0. 0.]
[0. 0. 0.]
[0. 0. 0.]
[0. 0. 0.]
[0. 0. 0.]
[0. 0. 0.]
[1.029727 0.       0.      ]
[0. 0. 0.]
[0.       1.378787 0.      ]
[4.677404 0.       0.      ]
[0. 0. 0.]
[0.       9.808586 0.      ]
[0. 0. 0.]
[19.564812  0.        0.      ]
[0.        2.6528559 0.       ]
[0. 0. 0.]
[0. 0. 0.]
[13.979853  0.        0.      ]
[0.       2.635403 0.      ]
[0. 0. 0.]
[0. 0. 0.]
[13.560981  0.        0.      ]
[0.       4.956652 0.      ]
[0. 0. 0.]
[0. 0. 0.]
[16.946863  0.        0.      ]
[0. 0. 0.]
[0. 0. 0.]
[2.513232 0.       0.      ]
[0.       1.116992 0.      ]
[0. 0. 0.]
[0. 0. 0.]
[9.319902 2.373608 0.      ]
[0. 0. 0.]
[0. 0. 0.]
[0. 0. 0.]
[5.776943 3.455694 0.      ]
[0. 0. 0.]
[0. 0. 0.]
[0. 0. 0.]
[24.713448  6.614687  0.      ]
[0. 0. 0.]
[0. 0. 0.]



[0. 0. 0.]
[0. 0. 0.]
[0. 0. 0.]
[0. 0. 0.]
[0. 0. 0.]
[0. 0. 0.]
[0. 0. 0.]
[0. 0. 0.]
[0. 0. 0.]
[0. 0. 0.]
[0. 0. 0.]
[0. 0. 0.]
[0. 0. 0.]
[0. 0. 0.]
[0. 0. 0.]
[0. 0. 0.]
[0. 0. 0.]
[0. 0. 0.]
[0. 0. 0.]
[0. 0. 0.]
[0. 0. 0.]
[0. 0. 0.]
[1.029727 0.       0.      ]
[0. 0. 0.]
[0.        1.0471799 0.       ]
[3.822207 0.       0.      ]
[0. 0. 0.]
[0.        4.5901394 0.       ]
[0. 0. 0.]
[13.595887  0.        0.      ]
[0.        2.6528559 0.       ]
[0. 0. 0.]
[0. 0. 0.]
[13.979853  0.        0.      ]
[0.       1.343881 0.      ]
[0. 0. 0.]
[0. 0. 0.]
[7.871303 0.       0.      ]
[0.       2.879745 0.      ]
[0. 0. 0.]
[0. 0. 0.]
[12.723237  0.        0.      ]
[0. 0. 0.]
[0. 0. 0.]
[3.0368218 0.        0.       ]
[0. 0. 0.]
[0. 0. 0.]
[0. 0. 0.]
[3.14154 0.      0.     ]
[0. 0. 0.]
[0. 0. 0.]
[0. 0. 0.]
[2.670309 1.500958 0.      ]
[0. 0. 0.]
[0. 0. 0.]
[0. 0. 0.]
[5.829302 3.630224 0.      ]
[0. 0. 0.]
[0. 0. 0.]



[0. 0. 0.]
[0. 0. 0.]
[0. 0. 0.]
[0. 0. 0.]
[0. 0. 0.]
[0. 0. 0.]
[0. 0. 0.]
[0. 0. 0.]
[0. 0. 0.]
[0. 0. 0.]
[0. 0. 0.]
[0. 0. 0.]
[0. 0. 0.]
[0. 0. 0.]
[0. 0. 0.]
[0. 0. 0.]
[0. 0. 0.]
[0. 0. 0.]
[0. 0. 0.]
[0. 0. 0.]
[0. 0. 0.]
[0. 0. 0.]
[1.029727 0.       0.      ]
[0. 0. 0.]
[0. 0. 0.]
[3.036822 0.       0.      ]
[0. 0. 0.]
[0.        1.9023771 0.       ]
[0. 0. 0.]
[10.262364  0.        0.      ]
[0.        2.6528559 0.       ]
[0. 0. 0.]
[0. 0. 0.]
[13.979853  0.        0.      ]
[0.        1.1518979 0.       ]
[0. 0. 0.]
[0. 0. 0.]
[3.508053 0.       0.      ]
[0.       1.658035 0.      ]
[0. 0. 0.]
[0. 0. 0.]
[7.487337 0.       0.      ]
[0. 0. 0.]
[0. 0. 0.]
[2.670309 0.       0.      ]
[0. 0. 0.]
[0. 0. 0.]
[0. 0. 0.]
[2.26889 0.      0.     ]
[0. 0. 0.]
[0. 0. 0.]
[0. 0. 0.]
[3.228805 1.256616 0.      ]
[0. 0. 0.]
[0. 0. 0.]
[0. 0. 0.]
[4.275985 2.146719 0.      ]
[0. 0. 0.]
[0. 0. 0.]



[0. 0. 0.]
[0. 0. 0.]
[0. 0. 0.]
[0. 0. 0.]
[0. 0. 0.]
[0. 0. 0.]
[0. 0. 0.]
[0. 0. 0.]
[0. 0. 0.]
[0. 0. 0.]
[0. 0. 0.]
[0. 0. 0.]
[0. 0. 0.]
[0. 0. 0.]
[0. 0. 0.]
[0. 0. 0.]
[0. 0. 0.]
[0. 0. 0.]
[0. 0. 0.]
[0. 0. 0.]
[0. 0. 0.]
[0. 0. 0.]
[0. 0. 0.]
[0. 0. 0.]
[0. 0. 0.]
[1.274069 0.       0.      ]
[0. 0. 0.]
[0.        1.9023771 0.       ]
[0. 0. 0.]
[9.093014 0.       0.      ]
[0.       1.151898 0.      ]
[0. 0. 0.]
[0. 0. 0.]
[1.8674711 0.        0.       ]
[0. 0. 0.]
[0. 0. 0.]
[0. 0. 0.]
[0. 0. 0.]
[0. 0. 0.]
[0. 0. 0.]
[0. 0. 0.]
[4.659951 0.       0.      ]
[0. 0. 0.]
[0. 0. 0.]
[1.500958 0.       0.      ]
[0. 0. 0.]
[0. 0. 0.]
[0. 0. 0.]
[1.082086 0.       0.      ]
[0. 0. 0.]
[0. 0. 0.]
[0. 0. 0.]
[3.403335 1.134445 0.      ]
[0. 0. 0.]
[0. 0. 0.]
[0. 0. 0.]
[1.640582 0.       0.      ]
[0. 0. 0.]
[0. 0. 0.]



[0. 0. 0.]
[0. 0. 0.]
[0. 0. 0.]
[0. 0. 0.]
[0. 0. 0.]
[0. 0. 0.]
[0. 0. 0.]
[0. 0. 0.]
[0. 0. 0.]
[0. 0. 0.]
[0. 0. 0.]
[0. 0. 0.]
[0. 0. 0.]
[0. 0. 0.]
[0. 0. 0.]
[0. 0. 0.]
[0. 0. 0.]
[0. 0. 0.]
[0. 0. 0.]
[0. 0. 0.]
[0. 0. 0.]
[0. 0. 0.]
[0. 0. 0.]
[0. 0. 0.]
[0. 0. 0.]
[1.413693 0.       0.      ]
[0. 0. 0.]
[0.        1.9023771 0.       ]
[0. 0. 0.]
[9.8434925 0.        0.       ]
[0. 0. 0.]
[0. 0. 0.]
[0. 0. 0.]
[1.134445 0.       0.      ]
[0. 0. 0.]
[0. 0. 0.]
[0. 0. 0.]
[0. 0. 0.]
[0. 0. 0.]
[0. 0. 0.]
[0. 0. 0.]
[2.7226682 0.        0.       ]
[0. 0. 0.]
[0. 0. 0.]
[0. 0. 0.]
[0. 0. 0.]
[1.1518979 0.        0.       ]
[0. 0. 0.]
[0. 0. 0.]
[0. 0. 0.]
[0. 0. 0.]
[0. 0. 0.]
[3.036822 1.22171  0.      ]
[1.8500179 1.169351  0.       ]
[0. 0. 0.]
[0. 0. 0.]
[0. 0. 0.]
[0. 0. 0.]
[0. 0. 0.]



[0. 0. 0.]
[0. 0. 0.]
[0. 0. 0.]
[0. 0. 0.]
[0. 0. 0.]
[0. 0. 0.]
[0. 0. 0.]
[0. 0. 0.]
[0. 0. 0.]
[0. 0. 0.]
[0. 0. 0.]
[0. 0. 0.]
[0. 0. 0.]
[0. 0. 0.]
[0. 0. 0.]
[0. 0. 0.]
[0. 0. 0.]
[0. 0. 0.]
[0. 0. 0.]
[0. 0. 0.]
[0. 0. 0.]
[0. 0. 0.]
[0. 0. 0.]
[0. 0. 0.]
[0. 0. 0.]
[0. 0. 0.]
[0. 0. 0.]
[1.308975 0.       0.      ]
[0. 0. 0.]
[0. 0. 0.]
[2.164172 0.       0.      ]
[0. 0. 0.]
[0. 0. 0.]
[0. 0. 0.]
[1.413693 0.       0.      ]
[0. 0. 0.]
[0. 0. 0.]
[0. 0. 0.]
[0. 0. 0.]
[0. 0. 0.]
[0. 0. 0.]
[0. 0. 0.]
[0. 0. 0.]
[0. 0. 0.]
[1.169351 0.       0.      ]
[0. 0. 0.]
[3.752395 0.       0.      ]
[0. 0. 0.]
[0. 0. 0.]
[0. 0. 0.]
[0. 0. 0.]
[0. 0. 0.]
[1.274069 0.       0.      ]
[6.859029  4.3632503 0.       ]
[0. 0. 0.]
[0. 0. 0.]
[0. 0. 0.]
[3.036822 2.879745 0.      ]
[0. 0. 0.]



[0. 0. 0.]
[0. 0. 0.]
[0. 0. 0.]
[0. 0. 0.]
[0. 0. 0.]
[0. 0. 0.]
[0. 0. 0.]
[0. 0. 0.]
[0. 0. 0.]
[0. 0. 0.]
[0. 0. 0.]
[0. 0. 0.]
[0. 0. 0.]
[0. 0. 0.]
[0. 0. 0.]
[0. 0. 0.]
[0. 0. 0.]
[0. 0. 0.]
[0. 0. 0.]
[0. 0. 0.]
[0. 0. 0.]
[0. 0. 0.]
[0. 0. 0.]
[1.169351 0.       0.      ]
[0. 0. 0.]
[0. 0. 0.]
[0. 0. 0.]
[7.400072 0.       0.      ]
[0. 0. 0.]
[0.       2.478326 0.      ]
[9.267544 0.       0.      ]
[0. 0. 0.]
[0. 0. 0.]
[0.       1.780206 0.      ]
[7.871303 0.       0.      ]
[0. 0. 0.]
[0. 0. 0.]
[0.       1.274069 0.      ]
[4.6599507 0.        0.       ]
[0. 0. 0.]
[0. 0. 0.]
[0. 0. 0.]
[1.588223 0.       0.      ]
[0. 0. 0.]
[0.       1.134445 0.      ]
[2.6528559 0.        0.       ]
[4.18872 0.      0.     ]
[0. 0. 0.]
[0. 0. 0.]
[1.780206 1.239163 0.      ]
[0. 0. 0.]
[0. 0. 0.]
[0. 0. 0.]
[11.414263  7.626961  0.      ]
[0. 0. 0.]
[0. 0. 0.]
[0. 0. 0.]
[13.229374  8.517064  0.      ]
[0. 0. 0.]



[0. 0. 0.]
[0. 0. 0.]
[0. 0. 0.]
[0. 0. 0.]
[0. 0. 0.]
[0. 0. 0.]
[0. 0. 0.]
[0. 0. 0.]
[0. 0. 0.]
[0. 0. 0.]
[0. 0. 0.]
[0. 0. 0.]
[0. 0. 0.]
[0. 0. 0.]
[0. 0. 0.]
[0. 0. 0.]
[0. 0. 0.]
[0. 0. 0.]
[0. 0. 0.]
[0. 0. 0.]
[0. 0. 0.]
[0. 0. 0.]
[0. 0. 0.]
[2.61795 0.      0.     ]
[0. 0. 0.]
[0.      1.57077 0.     ]
[5.497695 0.       0.      ]
[11.135014  0.        0.      ]
[0. 0. 0.]
[0.       6.527422 0.      ]
[21.432285  0.        0.      ]
[0. 0. 0.]
[0. 0. 0.]
[0.       4.433062 0.      ]
[17.557716  0.        0.      ]
[0. 0. 0.]
[0. 0. 0.]
[0.       2.635403 0.      ]
[11.885493  0.        0.      ]
[0. 0. 0.]
[0. 0. 0.]
[0.       2.216531 0.      ]
[3.3160698 0.        0.       ]
[0. 0. 0.]
[0. 0. 0.]
[9.965663 2.059454 0.      ]
[3.5778656 0.        0.       ]
[0. 0. 0.]
[0.        4.0141897 0.       ]
[27.05215 15.53317  0.     ]
[0. 0. 0.]
[0. 0. 0.]
[0. 0. 0.]
[11.135015  7.539696  0.      ]
[0. 0. 0.]
[0. 0. 0.]
[0. 0. 0.]
[28.483295 14.904862  0.      ]
[0. 0. 0.]



[0. 0. 0.]
[0. 0. 0.]
[0. 0. 0.]
[0. 0. 0.]
[0. 0. 0.]
[0. 0. 0.]
[0. 0. 0.]
[0. 0. 0.]
[0. 0. 0.]
[0. 0. 0.]
[0. 0. 0.]
[0. 0. 0.]
[0. 0. 0.]
[0. 0. 0.]
[0. 0. 0.]
[0. 0. 0.]
[0. 0. 0.]
[0. 0. 0.]
[0. 0. 0.]
[0. 0. 0.]
[0. 0. 0.]
[0. 0. 0.]
[0. 0. 0.]
[4.677404 0.       0.      ]
[0. 0. 0.]
[0.       2.565591 0.      ]
[9.94821 0.      0.     ]
[13.630794  0.        0.      ]
[0. 0. 0.]
[0.       8.883576 0.      ]
[30.14133  0.       0.     ]
[0. 0. 0.]
[0. 0. 0.]
[0.        5.2184467 0.       ]
[30.647469  0.        0.      ]
[0. 0. 0.]
[0. 0. 0.]
[0.        4.9042926 0.       ]
[22.636541  0.        0.      ]
[0. 0. 0.]
[0. 0. 0.]
[0.       3.804754 0.      ]
[4.799575 0.       0.      ]
[0. 0. 0.]
[0. 0. 0.]
[19.07613   3.106634  0.      ]
[12.286911  0.        0.      ]
[0. 0. 0.]
[0. 0. 0.]
[31.258324 18.709616  0.      ]
[0. 0. 0.]
[0. 0. 0.]
[0. 0. 0.]
[8.464705  7.7142262 0.       ]
[0. 0. 0.]
[0. 0. 0.]
[0. 0. 0.]
[31.328136 15.166657  0.      ]
[0. 0. 0.]



[0. 0. 0.]
[0. 0. 0.]
[0. 0. 0.]
[0. 0. 0.]
[0. 0. 0.]
[0. 0. 0.]
[0. 0. 0.]
[0. 0. 0.]
[0. 0. 0.]
[0. 0. 0.]
[0. 0. 0.]
[0. 0. 0.]
[0. 0. 0.]
[0. 0. 0.]
[0. 0. 0.]
[0. 0. 0.]
[0. 0. 0.]
[0. 0. 0.]
[0. 0. 0.]
[0. 0. 0.]
[0. 0. 0.]
[0. 0. 0.]
[0. 0. 0.]
[8.325081 0.       0.      ]
[0. 0. 0.]
[0.       3.996737 0.      ]
[20.83888  0.       0.     ]
[8.010927 0.       0.      ]
[0. 0. 0.]
[ 0.       10.192552  0.      ]
[36.389507  0.        0.      ]
[0. 0. 0.]
[0. 0. 0.]
[0.       8.691594 0.      ]
[36.110256  0.        0.      ]
[0. 0. 0.]
[0. 0. 0.]
[0.       8.098192 0.      ]
[36.42441  0.       0.     ]
[0. 0. 0.]
[0. 0. 0.]
[0.        4.4854207 0.       ]
[13.526074  3.961831  0.      ]
[2.3037958 1.9023771 0.       ]
[0. 0. 0.]
[32.23569    1.9023771  0.       ]
[0.      7.50479 0.     ]
[0. 0. 0.]
[0. 0. 0.]
[33.003624 19.931326  0.      ]
[0. 0. 0.]
[0. 0. 0.]
[0. 0. 0.]
[32.898903 20.210573  0.      ]
[0. 0. 0.]
[0. 0. 0.]
[0. 0. 0.]
[32.986168 14.677973  0.      ]
[0. 0. 0.]



[0. 0. 0.]
[0. 0. 0.]
[0. 0. 0.]
[0. 0. 0.]
[0. 0. 0.]
[0. 0. 0.]
[0. 0. 0.]
[0. 0. 0.]
[0. 0. 0.]
[0. 0. 0.]
[0. 0. 0.]
[0. 0. 0.]
[0. 0. 0.]
[0. 0. 0.]
[0. 0. 0.]
[0. 0. 0.]
[0. 0. 0.]
[0. 0. 0.]
[0. 0. 0.]
[0. 0. 0.]
[0. 0. 0.]
[0. 0. 0.]
[0. 0. 0.]
[12.129835  0.        0.      ]
[1.3089752 0.        0.       ]
[0.       5.829302 0.      ]
[17.959137   3.5953178  0.       ]
[9.808586 0.       0.      ]
[0. 0. 0.]
[ 0.       11.326997  0.      ]
[30.280954  0.        0.      ]
[0. 0. 0.]
[0. 0. 0.]
[0.       9.145371 0.      ]
[32.75928  0.       0.     ]
[0. 0. 0.]
[0. 0. 0.]
[0.       8.150551 0.      ]
[32.11352  0.       0.     ]
[0. 0. 0.]
[0. 0. 0.]
[0.        7.1906357 0.       ]
[23.003052 20.681805  0.      ]
[0. 0. 0.]
[0. 0. 0.]
[0.       1.291522 0.      ]
[44.38298  31.310682  0.      ]
[0. 0. 0.]
[0. 0. 0.]
[ 0.       10.436893  0.      ]
[0. 0. 0.]
[0. 0. 0.]
[13.299187  0.        0.      ]
[22.723804 25.708267  0.      ]
[0. 0. 0.]
[0. 0. 0.]
[0. 0. 0.]
[3.350976  4.6250453 0.       ]
[0. 0. 0.]



[0. 0. 0.]
[0. 0. 0.]
[0. 0. 0.]
[0. 0. 0.]
[0. 0. 0.]
[0. 0. 0.]
[0. 0. 0.]
[0. 0. 0.]
[0. 0. 0.]
[0. 0. 0.]
[0. 0. 0.]
[0. 0. 0.]
[0. 0. 0.]
[0. 0. 0.]
[0. 0. 0.]
[0. 0. 0.]
[0. 0. 0.]
[0. 0. 0.]
[0. 0. 0.]
[0. 0. 0.]
[0. 0. 0.]
[0. 0. 0.]
[2.111813 2.391061 0.      ]
[11.222279  0.        0.      ]
[1.0122738 0.        0.       ]
[0.       7.888756 0.      ]
[25.83044  1.39624  0.     ]
[0. 0. 0.]
[0. 0. 0.]
[ 0.       13.386451  0.      ]
[21.763891  0.        0.      ]
[0. 0. 0.]
[0. 0. 0.]
[ 0.       13.840229  0.      ]
[21.310114  0.        0.      ]
[0. 0. 0.]
[0. 0. 0.]
[ 0.       14.538349  0.      ]
[22.374746  0.        0.      ]
[0. 0. 0.]
[0. 0. 0.]
[ 0.       13.246827  0.      ]
[22.636541  0.        0.      ]
[0.       2.233984 0.      ]
[7.784038 0.       0.      ]
[3.4906    3.9094718 0.       ]
[0. 0. 0.]
[0. 0. 0.]
[27.994614  6.963747  0.      ]
[0. 0. 0.]
[0. 0. 0.]
[0. 0. 0.]
[0.        4.7472157 0.       ]
[11.780775  0.        0.      ]
[0. 0. 0.]
[0. 0. 0.]
[0.        3.3858821 0.       ]
[21.746439  0.        0.      ]
[0. 0. 0.]



[0. 0. 0.]
[0. 0. 0.]
[0. 0. 0.]
[0. 0. 0.]
[0. 0. 0.]
[0. 0. 0.]
[0. 0. 0.]
[0. 0. 0.]
[0. 0. 0.]
[0. 0. 0.]
[0. 0. 0.]
[0. 0. 0.]
[0. 0. 0.]
[0. 0. 0.]
[0. 0. 0.]
[0. 0. 0.]
[0. 0. 0.]
[0. 0. 0.]
[0. 0. 0.]
[0. 0. 0.]
[0. 0. 0.]
[0. 0. 0.]
[5.026464 3.368429 0.      ]
[15.0793915  0.         0.       ]
[0.       3.089181 0.      ]
[0.       8.866124 0.      ]
[0. 0. 0.]
[27.174322  0.        0.      ]
[0. 0. 0.]
[ 0.       14.363819  0.      ]
[1.6929412 0.        0.       ]
[0. 0. 0.]
[0. 0. 0.]
[0.       2.233984 0.      ]
[6.248174 3.333523 0.      ]
[0. 0. 0.]
[0. 0. 0.]
[0. 0. 0.]
[14.014759  0.        0.      ]
[0. 0. 0.]
[0. 0. 0.]
[0. 0. 0.]
[4.520327 3.473147 0.      ]
[9.5816965 0.        0.       ]
[0. 0. 0.]
[0. 0. 0.]
[24.556372  6.579781  0.      ]
[0. 0. 0.]
[0. 0. 0.]
[1.8849239 0.        0.       ]
[0. 0. 0.]
[0. 0. 0.]
[0. 0. 0.]
[3.874566 0.       0.      ]
[0. 0. 0.]
[0. 0. 0.]
[0. 0. 0.]
[15.882231  1.064633  0.      ]
[0. 0. 0.]



[0. 0. 0.]
[0. 0. 0.]
[0. 0. 0.]
[0. 0. 0.]
[0. 0. 0.]
[0. 0. 0.]
[0. 0. 0.]
[0. 0. 0.]
[0. 0. 0.]
[0. 0. 0.]
[0. 0. 0.]
[0. 0. 0.]
[0. 0. 0.]
[0. 0. 0.]
[0. 0. 0.]
[0. 0. 0.]
[0. 0. 0.]
[0. 0. 0.]
[0. 0. 0.]
[0. 0. 0.]
[0. 0. 0.]
[0. 0. 0.]
[0.        1.0471799 0.       ]
[2.8099332 0.        0.       ]
[14.887409  0.        0.      ]
[0.       9.721321 0.      ]
[3.228805 0.       0.      ]
[0.        1.0471799 0.       ]
[0. 0. 0.]
[1.413693 0.       0.      ]
[4.2410793 0.        0.       ]
[0. 0. 0.]
[0. 0. 0.]
[0.        1.4660519 0.       ]
[3.1240869 0.        0.       ]
[0. 0. 0.]
[0. 0. 0.]
[0.        1.3264279 0.       ]
[2.9844632 0.        0.       ]
[0. 0. 0.]
[0. 0. 0.]
[0.       1.954736 0.      ]
[0. 0. 0.]
[13.822776  1.7453    0.      ]
[0. 0. 0.]
[0. 0. 0.]
[0. 0. 0.]
[0. 0. 0.]
[6.2132683 2.8273861 0.       ]
[0. 0. 0.]
[0. 0. 0.]
[0. 0. 0.]
[0. 0. 0.]
[1.535864 0.       0.      ]
[0. 0. 0.]
[0. 0. 0.]
[0. 0. 0.]
[13.351545  0.        0.      ]
[0. 0. 0.]



[0. 0. 0.]
[0. 0. 0.]
[0. 0. 0.]
[0. 0. 0.]
[0. 0. 0.]
[0. 0. 0.]
[0. 0. 0.]
[0. 0. 0.]
[0. 0. 0.]
[0. 0. 0.]
[0. 0. 0.]
[0. 0. 0.]
[0. 0. 0.]
[0. 0. 0.]
[0. 0. 0.]
[0. 0. 0.]
[0. 0. 0.]
[0. 0. 0.]
[0. 0. 0.]
[0. 0. 0.]
[0. 0. 0.]
[0. 0. 0.]
[0. 0. 0.]
[0. 0. 0.]
[27.697912  0.        0.      ]
[ 0.       21.973328  0.      ]
[0.       2.042001 0.      ]
[0. 0. 0.]
[0. 0. 0.]
[0. 0. 0.]
[3.542959 2.076907 0.      ]
[0. 0. 0.]
[0. 0. 0.]
[0. 0. 0.]
[3.420788 2.391061 0.      ]
[0. 0. 0.]
[0. 0. 0.]
[0. 0. 0.]
[4.118908 1.064633 0.      ]
[0. 0. 0.]
[0. 0. 0.]
[0. 0. 0.]
[0. 0. 0.]
[13.683151  1.937283  0.      ]
[0. 0. 0.]
[0. 0. 0.]
[0. 0. 0.]
[0. 0. 0.]
[0. 0. 0.]
[0. 0. 0.]
[0. 0. 0.]
[0. 0. 0.]
[0.        1.0471799 0.       ]
[0. 0. 0.]
[0. 0. 0.]
[0. 0. 0.]
[0. 0. 0.]
[14.346367  0.        0.      ]
[0. 0. 0.]



[0. 0. 0.]
[0. 0. 0.]
[0. 0. 0.]
[0. 0. 0.]
[0. 0. 0.]
[0. 0. 0.]
[0. 0. 0.]
[0. 0. 0.]
[0. 0. 0.]
[0. 0. 0.]
[0. 0. 0.]
[0. 0. 0.]
[0. 0. 0.]
[0. 0. 0.]
[0. 0. 0.]
[0. 0. 0.]
[0. 0. 0.]
[0. 0. 0.]
[0. 0. 0.]
[0. 0. 0.]
[0. 0. 0.]
[0. 0. 0.]
[0. 0. 0.]
[1.553317 1.186804 0.      ]
[2.2165308 0.        0.       ]
[0.       3.193899 0.      ]
[0.        1.3264279 0.       ]
[0. 0. 0.]
[0. 0. 0.]
[0. 0. 0.]
[1.256616 2.216531 0.      ]
[0. 0. 0.]
[0. 0. 0.]
[0. 0. 0.]
[1.186804 2.181625 0.      ]
[0. 0. 0.]
[0. 0. 0.]
[0. 0. 0.]
[0.       1.692941 0.      ]
[0. 0. 0.]
[0. 0. 0.]
[0. 0. 0.]
[0. 0. 0.]
[0. 0. 0.]
[1.7976589 2.164172  0.       ]
[0. 0. 0.]
[1.431146 0.       0.      ]
[0. 0. 0.]
[0. 0. 0.]
[0. 0. 0.]
[0. 0. 0.]
[0. 0. 0.]
[0. 0. 0.]
[0. 0. 0.]
[0. 0. 0.]
[0. 0. 0.]
[0. 0. 0.]
[7.522243 0.       0.      ]
[0. 0. 0.]



[0. 0. 0.]
[0. 0. 0.]
[0. 0. 0.]
[0. 0. 0.]
[0. 0. 0.]
[0. 0. 0.]
[0. 0. 0.]
[0. 0. 0.]
[0. 0. 0.]
[0. 0. 0.]
[0. 0. 0.]
[0. 0. 0.]
[0. 0. 0.]
[0. 0. 0.]
[0. 0. 0.]
[0. 0. 0.]
[0. 0. 0.]
[0. 0. 0.]
[0. 0. 0.]
[0. 0. 0.]
[0. 0. 0.]
[0. 0. 0.]
[0. 0. 0.]
[1.0471799 1.291522  0.       ]
[0.       1.867471 0.      ]
[1.727847 0.       0.      ]
[0. 0. 0.]
[0. 0. 0.]
[0. 0. 0.]
[0. 0. 0.]
[0.       1.413693 0.      ]
[0. 0. 0.]
[0. 0. 0.]
[0. 0. 0.]
[0.       1.186804 0.      ]
[0. 0. 0.]
[0. 0. 0.]
[0. 0. 0.]
[0.       1.064633 0.      ]
[0. 0. 0.]
[0. 0. 0.]
[0. 0. 0.]
[0. 0. 0.]
[0. 0. 0.]
[1.9023769 1.692941  0.       ]
[0. 0. 0.]
[0. 0. 0.]
[0. 0. 0.]
[1.291522 1.186804 0.      ]
[0. 0. 0.]
[0. 0. 0.]
[0. 0. 0.]
[0. 0. 0.]
[0. 0. 0.]
[0. 0. 0.]
[0. 0. 0.]
[0. 0. 0.]
[1.4311461 0.        0.       ]
[0. 0. 0.]



[0. 0. 0.]
[0. 0. 0.]
[0. 0. 0.]
[0. 0. 0.]
[0. 0. 0.]
[0. 0. 0.]
[0. 0. 0.]
[0. 0. 0.]
[0. 0. 0.]
[0. 0. 0.]
[0. 0. 0.]
[0. 0. 0.]
[0. 0. 0.]
[0. 0. 0.]
[0. 0. 0.]
[0. 0. 0.]
[0. 0. 0.]
[0. 0. 0.]
[0. 0. 0.]
[0. 0. 0.]
[0. 0. 0.]
[0. 0. 0.]
[0. 0. 0.]
[0.      2.26889 0.     ]
[0.       1.675488 0.      ]
[2.111813 0.       0.      ]
[0. 0. 0.]
[0. 0. 0.]
[0. 0. 0.]
[1.151898 0.       0.      ]
[0.       2.199078 0.      ]
[0. 0. 0.]
[0. 0. 0.]
[0. 0. 0.]
[0.       1.116992 0.      ]
[0. 0. 0.]
[0. 0. 0.]
[1.274069 0.       0.      ]
[0.       1.308975 0.      ]
[0. 0. 0.]
[0. 0. 0.]
[2.670309 0.       0.      ]
[0. 0. 0.]
[1.937283 0.       0.      ]
[2.722668  1.6231289 0.       ]
[0. 0. 0.]
[0. 0. 0.]
[0. 0. 0.]
[1.186804 0.       0.      ]
[0. 0. 0.]
[0. 0. 0.]
[0. 0. 0.]
[0. 0. 0.]
[0. 0. 0.]
[0. 0. 0.]
[0. 0. 0.]
[1.91983 0.      0.     ]
[0. 0. 0.]
[0. 0. 0.]



[0. 0. 0.]
[0. 0. 0.]
[0. 0. 0.]
[0. 0. 0.]
[0. 0. 0.]
[0. 0. 0.]
[0. 0. 0.]
[0. 0. 0.]
[0. 0. 0.]
[0. 0. 0.]
[0. 0. 0.]
[0. 0. 0.]
[0. 0. 0.]
[0. 0. 0.]
[0. 0. 0.]
[0. 0. 0.]
[0. 0. 0.]
[0. 0. 0.]
[0. 0. 0.]
[0. 0. 0.]
[0. 0. 0.]
[0. 0. 0.]
[0. 0. 0.]
[0.       1.675488 0.      ]
[0.       1.884924 0.      ]
[2.338702 0.       0.      ]
[0. 0. 0.]
[0. 0. 0.]
[0. 0. 0.]
[1.9372829 0.        0.       ]
[0.       1.815112 0.      ]
[0. 0. 0.]
[0. 0. 0.]
[0. 0. 0.]
[0. 0. 0.]
[0. 0. 0.]
[0. 0. 0.]
[2.495779 0.       0.      ]
[0. 0. 0.]
[0. 0. 0.]
[0. 0. 0.]
[2.897198 0.       0.      ]
[0. 0. 0.]
[2.7401211 0.        0.       ]
[1.8849239 1.7103939 0.       ]
[0. 0. 0.]
[0. 0. 0.]
[0. 0. 0.]
[1.588223 0.       0.      ]
[0. 0. 0.]
[0. 0. 0.]
[0. 0. 0.]
[2.338702 0.       0.      ]
[0. 0. 0.]
[0. 0. 0.]
[0. 0. 0.]
[3.874566 0.       0.      ]
[0. 0. 0.]
[0. 0. 0.]



[0. 0. 0.]
[0. 0. 0.]
[0. 0. 0.]
[0. 0. 0.]
[0. 0. 0.]
[0. 0. 0.]
[0. 0. 0.]
[0. 0. 0.]
[0. 0. 0.]
[0. 0. 0.]
[0. 0. 0.]
[0. 0. 0.]
[0. 0. 0.]
[0. 0. 0.]
[0. 0. 0.]
[0. 0. 0.]
[0. 0. 0.]
[0. 0. 0.]
[0. 0. 0.]
[0. 0. 0.]
[0. 0. 0.]
[0. 0. 0.]
[0. 0. 0.]
[0. 0. 0.]
[0. 0. 0.]
[0. 0. 0.]
[0. 0. 0.]
[0. 0. 0.]
[0. 0. 0.]
[1.1868039 1.256616  0.       ]
[0. 0. 0.]
[0. 0. 0.]
[0. 0. 0.]
[0. 0. 0.]
[0. 0. 0.]
[0. 0. 0.]
[0. 0. 0.]
[3.089181 0.       0.      ]
[0. 0. 0.]
[0. 0. 0.]
[0. 0. 0.]
[2.286343 0.       0.      ]
[0. 0. 0.]
[0. 0. 0.]
[2.583044 2.024548 0.      ]
[0.       1.431146 0.      ]
[0.       1.274069 0.      ]
[0. 0. 0.]
[3.4556942 0.        0.       ]
[0. 0. 0.]
[0. 0. 0.]
[0. 0. 0.]
[2.9495568 0.        0.       ]
[0. 0. 0.]
[0. 0. 0.]
[0. 0. 0.]
[7.033559  1.3787869 0.       ]
[0. 0. 0.]
[0. 0. 0.]



[0. 0. 0.]
[0. 0. 0.]
[0. 0. 0.]
[0. 0. 0.]
[0. 0. 0.]
[0. 0. 0.]
[0. 0. 0.]
[0. 0. 0.]
[0. 0. 0.]
[0. 0. 0.]
[0. 0. 0.]
[0. 0. 0.]
[0. 0. 0.]
[0. 0. 0.]
[0. 0. 0.]
[0. 0. 0.]
[0. 0. 0.]
[0. 0. 0.]
[0. 0. 0.]
[0. 0. 0.]
[0. 0. 0.]
[0. 0. 0.]
[0. 0. 0.]
[0.       1.832565 0.      ]
[0. 0. 0.]
[0. 0. 0.]
[0. 0. 0.]
[1.256616 0.       0.      ]
[0. 0. 0.]
[0. 0. 0.]
[0. 0. 0.]
[0. 0. 0.]
[0. 0. 0.]
[1.727847 0.       0.      ]
[0. 0. 0.]
[0. 0. 0.]
[0. 0. 0.]
[5.742037 0.       0.      ]
[0. 0. 0.]
[0. 0. 0.]
[0. 0. 0.]
[2.8622923 0.        0.       ]
[0. 0. 0.]
[0. 0. 0.]
[2.44342 0.      0.     ]
[0.       1.832565 0.      ]
[0.        2.0420012 0.       ]
[0. 0. 0.]
[7.6444144 0.        0.       ]
[0. 0. 0.]
[0. 0. 0.]
[0. 0. 0.]
[8.4298   4.241079 0.      ]
[0. 0. 0.]
[0. 0. 0.]
[0. 0. 0.]
[10.5241585  3.6302242  0.       ]
[0. 0. 0.]
[0. 0. 0.]



[0. 0. 0.]
[0. 0. 0.]
[0. 0. 0.]
[0. 0. 0.]
[0. 0. 0.]
[0. 0. 0.]
[0. 0. 0.]
[0. 0. 0.]
[0. 0. 0.]
[0. 0. 0.]
[0. 0. 0.]
[0. 0. 0.]
[0. 0. 0.]
[0. 0. 0.]
[0. 0. 0.]
[0. 0. 0.]
[0. 0. 0.]
[0. 0. 0.]
[0. 0. 0.]
[0. 0. 0.]
[0. 0. 0.]
[0. 0. 0.]
[0. 0. 0.]
[0.       2.635403 0.      ]
[3.787301 0.       0.      ]
[0. 0. 0.]
[0.       1.082086 0.      ]
[0.        2.8971982 0.       ]
[0. 0. 0.]
[8.813766 0.       0.      ]
[0.       2.949557 0.      ]
[0. 0. 0.]
[0. 0. 0.]
[12.513802  0.        0.      ]
[0.       2.216531 0.      ]
[0. 0. 0.]
[0. 0. 0.]
[11.86804  0.       0.     ]
[0.       2.059454 0.      ]
[0. 0. 0.]
[0. 0. 0.]
[7.731679 0.       0.      ]
[0. 0. 0.]
[0. 0. 0.]
[5.776943 1.378787 0.      ]
[0.      2.26889 0.     ]
[0. 0. 0.]
[0. 0. 0.]
[10.960484  0.        0.      ]
[0. 0. 0.]
[0. 0. 0.]
[0. 0. 0.]
[12.723236   4.9566517  0.       ]
[0. 0. 0.]
[0. 0. 0.]
[0. 0. 0.]
[16.493084  5.619866  0.      ]
[0. 0. 0.]
[0. 0. 0.]



[0. 0. 0.]
[0. 0. 0.]
[0. 0. 0.]
[0. 0. 0.]
[0. 0. 0.]
[0. 0. 0.]
[0. 0. 0.]
[0. 0. 0.]
[0. 0. 0.]
[0. 0. 0.]
[0. 0. 0.]
[0. 0. 0.]
[0. 0. 0.]
[0. 0. 0.]
[0. 0. 0.]
[0. 0. 0.]
[0. 0. 0.]
[0. 0. 0.]
[0. 0. 0.]
[0. 0. 0.]
[0. 0. 0.]
[0. 0. 0.]
[0. 0. 0.]
[0. 0. 0.]
[3.525506  2.2514372 0.       ]
[0. 0. 0.]
[0. 0. 0.]
[0.       8.866124 0.      ]
[0. 0. 0.]
[18.168573  0.        0.      ]
[0.       3.647677 0.      ]
[0. 0. 0.]
[0. 0. 0.]
[23.596457  0.        0.      ]
[0.       3.420788 0.      ]
[0. 0. 0.]
[0. 0. 0.]
[18.535086  0.        0.      ]
[0.       3.420788 0.      ]
[0. 0. 0.]
[0. 0. 0.]
[15.777512  0.        0.      ]
[0. 0. 0.]
[0. 0. 0.]
[6.8415766 2.2863429 0.       ]
[0.       2.600497 0.      ]
[0.        1.0471802 0.       ]
[0. 0. 0.]
[12.513802  0.        0.      ]
[0. 0. 0.]
[0. 0. 0.]
[0. 0. 0.]
[12.426537   7.2953544  0.       ]
[0. 0. 0.]
[0. 0. 0.]
[0. 0. 0.]
[18.011496 12.461442  0.      ]
[0. 0. 0.]
[0. 0. 0.]



[0. 0. 0.]
[0. 0. 0.]
[0. 0. 0.]
[0. 0. 0.]
[0. 0. 0.]
[0. 0. 0.]
[0. 0. 0.]
[0. 0. 0.]
[0. 0. 0.]
[0. 0. 0.]
[0. 0. 0.]
[0. 0. 0.]
[0. 0. 0.]
[0. 0. 0.]
[0. 0. 0.]
[0. 0. 0.]
[0. 0. 0.]
[0. 0. 0.]
[0. 0. 0.]
[0. 0. 0.]
[0. 0. 0.]
[0. 0. 0.]
[0. 0. 0.]
[0.        4.6948566 0.       ]
[0. 0. 0.]
[9.826039 0.       0.      ]
[0. 0. 0.]
[ 0.       13.560981  0.      ]
[0. 0. 0.]
[27.732817  0.        0.      ]
[0.        5.4627886 0.       ]
[0. 0. 0.]
[0. 0. 0.]
[24.626183  0.        0.      ]
[0.       5.096276 0.      ]
[0. 0. 0.]
[0. 0. 0.]
[27.69791  0.       0.     ]
[0.        3.4731472 0.       ]
[0. 0. 0.]
[0. 0. 0.]
[15.288828  0.        0.      ]
[0. 0. 0.]
[0. 0. 0.]
[6.300533 3.612771 0.      ]
[0.       1.431146 0.      ]
[0. 0. 0.]
[0. 0. 0.]
[22.496918  4.851934  0.      ]
[0. 0. 0.]
[0. 0. 0.]
[0. 0. 0.]
[19.564814 16.405819  0.      ]
[0. 0. 0.]
[0. 0. 0.]
[0. 0. 0.]
[23.56155  24.050234  0.      ]
[0. 0. 0.]
[0. 0. 0.]



[0. 0. 0.]
[0. 0. 0.]
[0. 0. 0.]
[0. 0. 0.]
[0. 0. 0.]
[0. 0. 0.]
[0. 0. 0.]
[0. 0. 0.]
[0. 0. 0.]
[0. 0. 0.]
[0. 0. 0.]
[0. 0. 0.]
[0. 0. 0.]
[0. 0. 0.]
[0. 0. 0.]
[0. 0. 0.]
[0. 0. 0.]
[0. 0. 0.]
[0. 0. 0.]
[0. 0. 0.]
[0. 0. 0.]
[0. 0. 0.]
[0. 0. 0.]
[0.        6.8241234 0.       ]
[0.        3.2637105 0.       ]
[13.630793  0.        0.      ]
[0.       1.553317 0.      ]
[ 0.      10.41944  0.     ]
[0. 0. 0.]
[26.615826  0.        0.      ]
[0.       7.051012 0.      ]
[0. 0. 0.]
[0. 0. 0.]
[30.525295  0.        0.      ]
[0.       6.597234 0.      ]
[0. 0. 0.]
[0. 0. 0.]
[33.597023  0.        0.      ]
[0.       3.979284 0.      ]
[0. 0. 0.]
[0. 0. 0.]
[18.116213  0.        0.      ]
[0. 0. 0.]
[0. 0. 0.]
[7.2953534 4.345797  0.       ]
[0. 0. 0.]
[0. 0. 0.]
[0. 0. 0.]
[18.761974  9.564244  0.      ]
[0. 0. 0.]
[0. 0. 0.]
[0. 0. 0.]
[25.07996  14.451084  0.      ]
[0. 0. 0.]
[0. 0. 0.]
[0. 0. 0.]
[25.865345 12.950127  0.      ]
[0. 0. 0.]
[0. 0. 0.]



[0. 0. 0.]
[0. 0. 0.]
[0. 0. 0.]
[0. 0. 0.]
[0. 0. 0.]
[0. 0. 0.]
[0. 0. 0.]
[0. 0. 0.]
[0. 0. 0.]
[0. 0. 0.]
[0. 0. 0.]
[0. 0. 0.]
[0. 0. 0.]
[0. 0. 0.]
[0. 0. 0.]
[0. 0. 0.]
[0. 0. 0.]
[0. 0. 0.]
[0. 0. 0.]
[0. 0. 0.]
[0. 0. 0.]
[0. 0. 0.]
[3.926925 0.       0.      ]
[0.       3.909472 0.      ]
[0.        6.2132683 0.       ]
[17.33083  0.       0.     ]
[0.        3.6651301 0.       ]
[0.        4.1014547 0.       ]
[0. 0. 0.]
[19.913874  0.        0.      ]
[0.        5.5675073 0.       ]
[0. 0. 0.]
[0. 0. 0.]
[33.10834  0.       0.     ]
[0.       2.932104 0.      ]
[0. 0. 0.]
[0. 0. 0.]
[26.336578  0.        0.      ]
[0.       6.789217 0.      ]
[0. 0. 0.]
[0. 0. 0.]
[17.906778  0.        0.      ]
[0. 0. 0.]
[0. 0. 0.]
[1.850018 1.291522 0.      ]
[0. 0. 0.]
[4.241079 2.600497 0.      ]
[0. 0. 0.]
[0. 0. 0.]
[0. 0. 0.]
[0. 0. 0.]
[0. 0. 0.]
[7.400072 7.33026  0.      ]
[0. 0. 0.]
[0. 0. 0.]
[0. 0. 0.]
[7.2604485 6.317986  0.       ]
[0. 0. 0.]
[0. 0. 0.]



[0. 0. 0.]
[0. 0. 0.]
[0. 0. 0.]
[0. 0. 0.]
[0. 0. 0.]
[0. 0. 0.]
[0. 0. 0.]
[0. 0. 0.]
[0. 0. 0.]
[0. 0. 0.]
[0. 0. 0.]
[0. 0. 0.]
[0. 0. 0.]
[0. 0. 0.]
[0. 0. 0.]
[0. 0. 0.]
[0. 0. 0.]
[0. 0. 0.]
[0. 0. 0.]
[0. 0. 0.]
[0. 0. 0.]
[0. 0. 0.]
[0. 0. 0.]
[0. 0. 0.]
[0.       2.705215 0.      ]
[6.911388 0.       0.      ]
[0. 0. 0.]
[0.       3.734942 0.      ]
[0. 0. 0.]
[10.454347  0.        0.      ]
[0.        3.0368218 0.       ]
[0. 0. 0.]
[0. 0. 0.]
[16.039307  0.        0.      ]
[0.       2.059454 0.      ]
[0. 0. 0.]
[0. 0. 0.]
[15.201563  0.        0.      ]
[0.       9.093013 0.      ]
[0. 0. 0.]
[0. 0. 0.]
[21.589361  0.        0.      ]
[0. 0. 0.]
[0. 0. 0.]
[2.007095 0.       0.      ]
[0. 0. 0.]
[0. 0. 0.]
[0. 0. 0.]
[8.517064 2.61795  0.      ]
[0. 0. 0.]
[0. 0. 0.]
[0. 0. 0.]
[2.373608 4.380703 0.      ]
[0. 0. 0.]
[0. 0. 0.]
[0. 0. 0.]
[2.687762 2.914651 0.      ]
[0. 0. 0.]
[0. 0. 0.]



[0. 0. 0.]
[0. 0. 0.]
[0. 0. 0.]
[0. 0. 0.]
[0. 0. 0.]
[0. 0. 0.]
[0. 0. 0.]
[0. 0. 0.]
[0. 0. 0.]
[0. 0. 0.]
[0. 0. 0.]
[0. 0. 0.]
[0. 0. 0.]
[0. 0. 0.]
[0. 0. 0.]
[0. 0. 0.]
[0. 0. 0.]
[0. 0. 0.]
[0. 0. 0.]
[0. 0. 0.]
[0. 0. 0.]
[0. 0. 0.]
[0. 0. 0.]
[0. 0. 0.]
[2.233984 0.       0.      ]
[1.413693 0.       0.      ]
[0. 0. 0.]
[0.       4.747216 0.      ]
[0. 0. 0.]
[10.349628  0.        0.      ]
[0.      2.61795 0.     ]
[0. 0. 0.]
[0. 0. 0.]
[9.930757 0.       0.      ]
[0.        2.0070949 0.       ]
[0. 0. 0.]
[0. 0. 0.]
[9.511885 0.       0.      ]
[0.       9.093013 0.      ]
[0. 0. 0.]
[0. 0. 0.]
[22.462011  0.        0.      ]
[0. 0. 0.]
[0. 0. 0.]
[2.164172 0.       0.      ]
[0. 0. 0.]
[0. 0. 0.]
[0. 0. 0.]
[6.597234 0.       0.      ]
[0. 0. 0.]
[0. 0. 0.]
[0. 0. 0.]
[4.921746 2.844839 0.      ]
[0. 0. 0.]
[0. 0. 0.]
[0. 0. 0.]
[6.126003  2.9844632 0.       ]
[0. 0. 0.]
[0. 0. 0.]



[0. 0. 0.]
[0. 0. 0.]
[0. 0. 0.]
[0. 0. 0.]
[0. 0. 0.]
[0. 0. 0.]
[0. 0. 0.]
[0. 0. 0.]
[0. 0. 0.]
[0. 0. 0.]
[0. 0. 0.]
[0. 0. 0.]
[0. 0. 0.]
[0. 0. 0.]
[0. 0. 0.]
[0. 0. 0.]
[0. 0. 0.]
[0. 0. 0.]
[0. 0. 0.]
[0. 0. 0.]
[0. 0. 0.]
[0. 0. 0.]
[0. 0. 0.]
[0. 0. 0.]
[0.       1.151898 0.      ]
[2.740121 0.       0.      ]
[0. 0. 0.]
[0.        4.1014547 0.       ]
[0. 0. 0.]
[9.616603 0.       0.      ]
[0.        1.3787869 0.       ]
[0. 0. 0.]
[0. 0. 0.]
[6.422704 0.       0.      ]
[0. 0. 0.]
[0. 0. 0.]
[0. 0. 0.]
[4.398156 0.       0.      ]
[0.       8.778859 0.      ]
[0. 0. 0.]
[0. 0. 0.]
[22.444557  0.        0.      ]
[0. 0. 0.]
[0. 0. 0.]
[0. 0. 0.]
[0. 0. 0.]
[1.4835048 0.        0.       ]
[0. 0. 0.]
[2.775027 0.       0.      ]
[0. 0. 0.]
[0. 0. 0.]
[0. 0. 0.]
[3.83966  2.146719 0.      ]
[0. 0. 0.]
[0. 0. 0.]
[0. 0. 0.]
[5.0962763 2.373608  0.       ]
[0. 0. 0.]
[0. 0. 0.]



[0. 0. 0.]
[0. 0. 0.]
[0. 0. 0.]
[0. 0. 0.]
[0. 0. 0.]
[0. 0. 0.]
[0. 0. 0.]
[0. 0. 0.]
[0. 0. 0.]
[0. 0. 0.]
[0. 0. 0.]
[0. 0. 0.]
[0. 0. 0.]
[0. 0. 0.]
[0. 0. 0.]
[0. 0. 0.]
[0. 0. 0.]
[0. 0. 0.]
[0. 0. 0.]
[0. 0. 0.]
[0. 0. 0.]
[0. 0. 0.]
[0. 0. 0.]
[0. 0. 0.]
[0. 0. 0.]
[1.832565 0.       0.      ]
[0. 0. 0.]
[0.       2.757574 0.      ]
[0. 0. 0.]
[8.010927 0.       0.      ]
[0. 0. 0.]
[0. 0. 0.]
[0. 0. 0.]
[3.403335 0.       0.      ]
[0. 0. 0.]
[0. 0. 0.]
[0. 0. 0.]
[2.79248 0.      0.     ]
[0.       2.932104 0.      ]
[0. 0. 0.]
[0. 0. 0.]
[12.2171  0.      0.    ]
[0. 0. 0.]
[0. 0. 0.]
[0. 0. 0.]
[0. 0. 0.]
[1.2740691 0.        0.       ]
[0. 0. 0.]
[2.3910608 0.        0.       ]
[0. 0. 0.]
[0. 0. 0.]
[0. 0. 0.]
[2.6354032 0.        0.       ]
[0. 0. 0.]
[0. 0. 0.]
[0. 0. 0.]
[2.670309 0.       0.      ]
[0. 0. 0.]
[0. 0. 0.]



[0. 0. 0.]
[0. 0. 0.]
[0. 0. 0.]
[0. 0. 0.]
[0. 0. 0.]
[0. 0. 0.]
[0. 0. 0.]
[0. 0. 0.]
[0. 0. 0.]
[0. 0. 0.]
[0. 0. 0.]
[0. 0. 0.]
[0. 0. 0.]
[0. 0. 0.]
[0. 0. 0.]
[0. 0. 0.]
[0. 0. 0.]
[0. 0. 0.]
[0. 0. 0.]
[0. 0. 0.]
[0. 0. 0.]
[0. 0. 0.]
[0. 0. 0.]
[0. 0. 0.]
[0. 0. 0.]
[0. 0. 0.]
[0. 0. 0.]
[0.        1.5184109 0.       ]
[0. 0. 0.]
[4.53778 0.      0.     ]
[0. 0. 0.]
[0. 0. 0.]
[0. 0. 0.]
[2.216531 0.       0.      ]
[0. 0. 0.]
[0. 0. 0.]
[0. 0. 0.]
[1.0995389 0.        0.       ]
[0.        1.5184109 0.       ]
[0. 0. 0.]
[0. 0. 0.]
[8.342534 0.       0.      ]
[0. 0. 0.]
[0. 0. 0.]
[0. 0. 0.]
[0. 0. 0.]
[0. 0. 0.]
[0. 0. 0.]
[1.413693 0.       0.      ]
[0. 0. 0.]
[0. 0. 0.]
[0. 0. 0.]
[0. 0. 0.]
[0. 0. 0.]
[0. 0. 0.]
[0. 0. 0.]
[0. 0. 0.]
[0. 0. 0.]
[0. 0. 0.]



[0. 0. 0.]
[0. 0. 0.]
[0. 0. 0.]
[0. 0. 0.]
[0. 0. 0.]
[0. 0. 0.]
[0. 0. 0.]
[0. 0. 0.]
[0. 0. 0.]
[0. 0. 0.]
[0. 0. 0.]
[0. 0. 0.]
[0. 0. 0.]
[0. 0. 0.]
[0. 0. 0.]
[0. 0. 0.]
[0. 0. 0.]
[0. 0. 0.]
[0. 0. 0.]
[0. 0. 0.]
[0. 0. 0.]
[0. 0. 0.]
[0. 0. 0.]
[0. 0. 0.]
[0. 0. 0.]
[0. 0. 0.]
[0. 0. 0.]
[0. 0. 0.]
[0. 0. 0.]
[0. 0. 0.]
[0. 0. 0.]
[0. 0. 0.]
[0. 0. 0.]
[1.343881 0.       0.      ]
[0. 0. 0.]
[0. 0. 0.]
[0. 0. 0.]
[0. 0. 0.]
[0. 0. 0.]
[0. 0. 0.]
[0. 0. 0.]
[1.22171 0.      0.     ]
[0. 0. 0.]
[0. 0. 0.]
[0. 0. 0.]
[0. 0. 0.]
[1.553317 0.       0.      ]
[0. 0. 0.]
[0. 0. 0.]
[1.867471 1.029727 0.      ]
[0. 0. 0.]
[0. 0. 0.]
[0. 0. 0.]
[1.780206 0.       0.      ]
[0. 0. 0.]
[0. 0. 0.]
[0. 0. 0.]
[0. 0. 0.]
[0. 0. 0.]



[0. 0. 0.]
[0. 0. 0.]
[0. 0. 0.]
[0. 0. 0.]
[0. 0. 0.]
[0. 0. 0.]
[0. 0. 0.]
[0. 0. 0.]
[0. 0. 0.]
[0. 0. 0.]
[0. 0. 0.]
[0. 0. 0.]
[0. 0. 0.]
[0. 0. 0.]
[0. 0. 0.]
[0. 0. 0.]
[0. 0. 0.]
[0. 0. 0.]
[0. 0. 0.]
[0. 0. 0.]
[0. 0. 0.]
[0. 0. 0.]
[0. 0. 0.]
[0. 0. 0.]
[0. 0. 0.]
[0. 0. 0.]
[0. 0. 0.]
[2.79248 0.      0.     ]
[0. 0. 0.]
[0. 0. 0.]
[3.001916 0.       0.      ]
[0. 0. 0.]
[0. 0. 0.]
[0. 0. 0.]
[2.024548 0.       0.      ]
[0. 0. 0.]
[0. 0. 0.]
[0. 0. 0.]
[1.22171 0.      0.     ]
[0. 0. 0.]
[0. 0. 0.]
[0. 0. 0.]
[0. 0. 0.]
[0. 0. 0.]
[0. 0. 0.]
[1.151898 0.       0.      ]
[1.640582 0.       0.      ]
[0. 0. 0.]
[0. 0. 0.]
[3.31607   1.8849239 0.       ]
[0. 0. 0.]
[0. 0. 0.]
[0. 0. 0.]
[2.687762  1.6056759 0.       ]
[0. 0. 0.]
[0. 0. 0.]
[0. 0. 0.]
[1.954736 1.39624  0.      ]
[0. 0. 0.]



[0. 0. 0.]
[0. 0. 0.]
[0. 0. 0.]
[0. 0. 0.]
[0. 0. 0.]
[0. 0. 0.]
[0. 0. 0.]
[0. 0. 0.]
[0. 0. 0.]
[0. 0. 0.]
[0. 0. 0.]
[0. 0. 0.]
[0. 0. 0.]
[0. 0. 0.]
[0. 0. 0.]
[0. 0. 0.]
[0. 0. 0.]
[0. 0. 0.]
[0. 0. 0.]
[0. 0. 0.]
[0. 0. 0.]
[0. 0. 0.]
[0. 0. 0.]
[0. 0. 0.]
[0. 0. 0.]
[0.       1.082086 0.      ]
[0. 0. 0.]
[7.818944 0.       0.      ]
[0. 0. 0.]
[0.      2.61795 0.     ]
[3.228805 0.       0.      ]
[0. 0. 0.]
[0. 0. 0.]
[0. 0. 0.]
[6.998653 0.       0.      ]
[0. 0. 0.]
[0. 0. 0.]
[0. 0. 0.]
[3.961831 0.       0.      ]
[0. 0. 0.]
[0. 0. 0.]
[0. 0. 0.]
[0. 0. 0.]
[0. 0. 0.]
[0. 0. 0.]
[1.204257 0.       0.      ]
[3.6476772 1.169351  0.       ]
[0. 0. 0.]
[0. 0. 0.]
[3.228805 1.954736 0.      ]
[0. 0. 0.]
[0. 0. 0.]
[0. 0. 0.]
[6.5099688 3.525506  0.       ]
[0. 0. 0.]
[0. 0. 0.]
[0. 0. 0.]
[5.1137295 3.2986171 0.       ]
[0. 0. 0.]



[0. 0. 0.]
[0. 0. 0.]
[0. 0. 0.]
[0. 0. 0.]
[0. 0. 0.]
[0. 0. 0.]
[0. 0. 0.]
[0. 0. 0.]
[0. 0. 0.]
[0. 0. 0.]
[0. 0. 0.]
[0. 0. 0.]
[0. 0. 0.]
[0. 0. 0.]
[0. 0. 0.]
[0. 0. 0.]
[0. 0. 0.]
[0. 0. 0.]
[0. 0. 0.]
[0. 0. 0.]
[0. 0. 0.]
[0. 0. 0.]
[0. 0. 0.]
[2.356155 0.       0.      ]
[0. 0. 0.]
[0.        1.6056759 0.       ]
[0. 0. 0.]
[13.26428  0.       0.     ]
[0. 0. 0.]
[0.       5.567507 0.      ]
[3.717489 0.       0.      ]
[0. 0. 0.]
[0. 0. 0.]
[0. 0. 0.]
[15.672794  0.        0.      ]
[0. 0. 0.]
[0. 0. 0.]
[0.        1.9896419 0.       ]
[11.379356  0.        0.      ]
[0. 0. 0.]
[0. 0. 0.]
[0.        1.5184109 0.       ]
[3.682583 0.       0.      ]
[0.       1.291522 0.      ]
[0. 0. 0.]
[2.251437 0.       0.      ]
[3.612771 0.       0.      ]
[0. 0. 0.]
[0. 0. 0.]
[3.700036 1.954736 0.      ]
[0. 0. 0.]
[0. 0. 0.]
[0. 0. 0.]
[11.274638   6.3703446  0.       ]
[0. 0. 0.]
[0. 0. 0.]
[0. 0. 0.]
[12.39163   7.469884  0.      ]
[0. 0. 0.]



[0. 0. 0.]
[0. 0. 0.]
[0. 0. 0.]
[0. 0. 0.]
[0. 0. 0.]
[0. 0. 0.]
[0. 0. 0.]
[0. 0. 0.]
[0. 0. 0.]
[0. 0. 0.]
[0. 0. 0.]
[0. 0. 0.]
[0. 0. 0.]
[0. 0. 0.]
[0. 0. 0.]
[0. 0. 0.]
[0. 0. 0.]
[0. 0. 0.]
[0. 0. 0.]
[0. 0. 0.]
[0. 0. 0.]
[0. 0. 0.]
[0. 0. 0.]
[6.021285 0.       0.      ]
[0. 0. 0.]
[0.        3.0717282 0.       ]
[4.258532 0.       0.      ]
[17.540264  0.        0.      ]
[0. 0. 0.]
[0.       8.010927 0.      ]
[5.043917 0.       0.      ]
[0. 0. 0.]
[0. 0. 0.]
[0. 0. 0.]
[28.832355  0.        0.      ]
[0. 0. 0.]
[0. 0. 0.]
[0.       3.961831 0.      ]
[24.120045  0.        0.      ]
[0. 0. 0.]
[0. 0. 0.]
[0.        3.6651301 0.       ]
[8.674141 0.       0.      ]
[2.233984 2.356155 0.      ]
[0. 0. 0.]
[10.593971   2.3736079  0.       ]
[3.5778646 0.        0.       ]
[0. 0. 0.]
[0.       3.892019 0.      ]
[5.5675073 2.96701   0.       ]
[0. 0. 0.]
[0. 0. 0.]
[0. 0. 0.]
[28.989433 15.672794  0.      ]
[0. 0. 0.]
[0. 0. 0.]
[0. 0. 0.]
[24.364388 12.409083  0.      ]
[0. 0. 0.]



[0. 0. 0.]
[0. 0. 0.]
[0. 0. 0.]
[0. 0. 0.]
[0. 0. 0.]
[0. 0. 0.]
[0. 0. 0.]
[0. 0. 0.]
[0. 0. 0.]
[0. 0. 0.]
[0. 0. 0.]
[0. 0. 0.]
[0. 0. 0.]
[0. 0. 0.]
[0. 0. 0.]
[0. 0. 0.]
[0. 0. 0.]
[0. 0. 0.]
[0. 0. 0.]
[0. 0. 0.]
[0. 0. 0.]
[0. 0. 0.]
[0. 0. 0.]
[11.047749  0.        0.      ]
[0. 0. 0.]
[0.       5.288259 0.      ]
[7.434978 0.       0.      ]
[16.894505  0.        0.      ]
[0. 0. 0.]
[0.       8.691594 0.      ]
[5.899114 0.       0.      ]
[0. 0. 0.]
[0. 0. 0.]
[0. 0. 0.]
[35.621574  0.        0.      ]
[0. 0. 0.]
[0. 0. 0.]
[0.        5.8642077 0.       ]
[38.0999  0.      0.    ]
[0. 0. 0.]
[0. 0. 0.]
[0.       5.375524 0.      ]
[10.681236  0.        0.      ]
[2.059454  1.9721891 0.       ]
[0. 0. 0.]
[20.891241  1.082086  0.      ]
[11.623699  0.        0.      ]
[0. 0. 0.]
[0. 0. 0.]
[6.701952 5.497695 0.      ]
[0. 0. 0.]
[0. 0. 0.]
[0. 0. 0.]
[33.230515 17.453     0.      ]
[0. 0. 0.]
[0. 0. 0.]
[0. 0. 0.]
[33.78901  18.779428  0.      ]
[0. 0. 0.]



[0. 0. 0.]
[0. 0. 0.]
[0. 0. 0.]
[0. 0. 0.]
[0. 0. 0.]
[0. 0. 0.]
[0. 0. 0.]
[0. 0. 0.]
[0. 0. 0.]
[0. 0. 0.]
[0. 0. 0.]
[0. 0. 0.]
[0. 0. 0.]
[0. 0. 0.]
[0. 0. 0.]
[0. 0. 0.]
[0. 0. 0.]
[0. 0. 0.]
[0. 0. 0.]
[0. 0. 0.]
[0. 0. 0.]
[0. 0. 0.]
[0. 0. 0.]
[15.428452  0.        0.      ]
[0. 0. 0.]
[0.        7.2255416 0.       ]
[15.393546   2.8448389  0.       ]
[7.312807 0.       0.      ]
[0. 0. 0.]
[0.      9.07556 0.     ]
[10.227458  0.        0.      ]
[0. 0. 0.]
[0. 0. 0.]
[0.       1.483505 0.      ]
[29.163963  0.        0.      ]
[0. 0. 0.]
[0. 0. 0.]
[0.        6.6670456 0.       ]
[31.921537  0.        0.      ]
[0. 0. 0.]
[0. 0. 0.]
[0.       9.145372 0.      ]
[14.032212   3.1240869  0.       ]
[0. 0. 0.]
[0. 0. 0.]
[26.668184  0.        0.      ]
[4.188719 8.621782 0.      ]
[0. 0. 0.]
[0. 0. 0.]
[31.136152 20.105856  0.      ]
[0. 0. 0.]
[0. 0. 0.]
[0. 0. 0.]
[29.408304 18.67471   0.      ]
[0. 0. 0.]
[0. 0. 0.]
[0. 0. 0.]
[33.91118  12.566159  0.      ]
[0. 0. 0.]



[0. 0. 0.]
[0. 0. 0.]
[0. 0. 0.]
[0. 0. 0.]
[0. 0. 0.]
[0. 0. 0.]
[0. 0. 0.]
[0. 0. 0.]
[0. 0. 0.]
[0. 0. 0.]
[0. 0. 0.]
[0. 0. 0.]
[0. 0. 0.]
[0. 0. 0.]
[0. 0. 0.]
[0. 0. 0.]
[0. 0. 0.]
[0. 0. 0.]
[0. 0. 0.]
[0. 0. 0.]
[0. 0. 0.]
[0. 0. 0.]
[0. 0. 0.]
[16.754879  0.        0.      ]
[4.275985 0.       0.      ]
[0.       9.651509 0.      ]
[28.553108  2.373608  0.      ]
[0. 0. 0.]
[0. 0. 0.]
[0.       9.965663 0.      ]
[18.919052  0.        0.      ]
[0. 0. 0.]
[0. 0. 0.]
[0.       4.467968 0.      ]
[27.156868  0.        0.      ]
[0. 0. 0.]
[0. 0. 0.]
[0.        9.9307575 0.       ]
[26.284218  0.        0.      ]
[0. 0. 0.]
[0. 0. 0.]
[0.       8.150552 0.      ]
[31.450304 18.482727  0.      ]
[0. 0. 0.]
[0. 0. 0.]
[0. 0. 0.]
[38.885284 16.772333  0.      ]
[0. 0. 0.]
[0. 0. 0.]
[0.        1.1868039 0.       ]
[0. 0. 0.]
[0. 0. 0.]
[16.196384  0.        0.      ]
[17.10394  0.       0.     ]
[0. 0. 0.]
[0. 0. 0.]
[0. 0. 0.]
[14.695426  8.429799  0.      ]
[0. 0. 0.]



[0. 0. 0.]
[0. 0. 0.]
[0. 0. 0.]
[0. 0. 0.]
[0. 0. 0.]
[0. 0. 0.]
[0. 0. 0.]
[0. 0. 0.]
[0. 0. 0.]
[0. 0. 0.]
[0. 0. 0.]
[0. 0. 0.]
[0. 0. 0.]
[0. 0. 0.]
[0. 0. 0.]
[0. 0. 0.]
[0. 0. 0.]
[0. 0. 0.]
[0. 0. 0.]
[0. 0. 0.]
[0. 0. 0.]
[0. 0. 0.]
[9.127919 3.822207 0.      ]
[15.498263  0.        0.      ]
[0. 0. 0.]
[ 0.       22.880882  0.      ]
[5.3580704 0.        0.       ]
[0. 0. 0.]
[0. 0. 0.]
[3.0193691 4.258532  0.       ]
[14.468537   2.5132322  0.       ]
[0. 0. 0.]
[0. 0. 0.]
[0. 0. 0.]
[12.094928   1.2217102  0.       ]
[0. 0. 0.]
[0. 0. 0.]
[0. 0. 0.]
[14.48599  0.       0.     ]
[0. 0. 0.]
[0. 0. 0.]
[0. 0. 0.]
[14.416178  4.258532  0.      ]
[3.7174892 3.1938992 0.       ]
[0. 0. 0.]
[0.       5.323165 0.      ]
[36.87819  12.147288  0.      ]
[0. 0. 0.]
[0. 0. 0.]
[0. 0. 0.]
[0. 0. 0.]
[0. 0. 0.]
[2.6004972 0.        0.       ]
[6.091097  2.3561552 0.       ]
[0. 0. 0.]
[0. 0. 0.]
[0. 0. 0.]
[9.058107 2.862292 0.      ]
[0. 0. 0.]



[0. 0. 0.]
[0. 0. 0.]
[0. 0. 0.]
[0. 0. 0.]
[0. 0. 0.]
[0. 0. 0.]
[0. 0. 0.]
[0. 0. 0.]
[0. 0. 0.]
[0. 0. 0.]
[0. 0. 0.]
[0. 0. 0.]
[0. 0. 0.]
[0. 0. 0.]
[0. 0. 0.]
[0. 0. 0.]
[0. 0. 0.]
[0. 0. 0.]
[0. 0. 0.]
[0. 0. 0.]
[0. 0. 0.]
[0. 0. 0.]
[0.       1.186804 0.      ]
[0. 0. 0.]
[0.       5.881661 0.      ]
[20.332745  0.        0.      ]
[7.8014913 0.        0.       ]
[0. 0. 0.]
[0. 0. 0.]
[0.        4.5028744 0.       ]
[7.487337 0.       0.      ]
[0. 0. 0.]
[0. 0. 0.]
[0.      3.83966 0.     ]
[5.951473 0.       0.      ]
[0. 0. 0.]
[0. 0. 0.]
[0.       3.717489 0.      ]
[0. 0. 0.]
[0. 0. 0.]
[0. 0. 0.]
[1.91983  6.998653 0.      ]
[3.944378 0.       0.      ]
[31.694649   8.7265005  0.       ]
[0. 0. 0.]
[1.6056759 0.        0.       ]
[33.73665  16.719975  0.      ]
[0. 0. 0.]
[0. 0. 0.]
[2.251437 0.       0.      ]
[0. 0. 0.]
[0. 0. 0.]
[0.       2.583044 0.      ]
[5.567507 0.       0.      ]
[0. 0. 0.]
[0. 0. 0.]
[0. 0. 0.]
[4.8693867 0.        0.       ]
[0. 0. 0.]



[0. 0. 0.]
[0. 0. 0.]
[0. 0. 0.]
[0. 0. 0.]
[0. 0. 0.]
[0. 0. 0.]
[0. 0. 0.]
[0. 0. 0.]
[0. 0. 0.]
[0. 0. 0.]
[0. 0. 0.]
[0. 0. 0.]
[0. 0. 0.]
[0. 0. 0.]
[0. 0. 0.]
[0. 0. 0.]
[0. 0. 0.]
[0. 0. 0.]
[0. 0. 0.]
[0. 0. 0.]
[0. 0. 0.]
[0. 0. 0.]
[0. 0. 0.]
[1.4311459 0.        0.       ]
[0. 0. 0.]
[9.040654 0.       0.      ]
[5.8816614 0.        0.       ]
[0.        1.1344451 0.       ]
[0. 0. 0.]
[0. 0. 0.]
[3.83966   1.6231291 0.       ]
[0. 0. 0.]
[0. 0. 0.]
[0. 0. 0.]
[3.647677 1.466052 0.      ]
[0. 0. 0.]
[0. 0. 0.]
[0. 0. 0.]
[3.089181 0.       0.      ]
[0. 0. 0.]
[0. 0. 0.]
[0. 0. 0.]
[0. 0. 0.]
[0. 0. 0.]
[0.       2.827386 0.      ]
[0. 0. 0.]
[0. 0. 0.]
[0. 0. 0.]
[35.569214 12.827954  0.      ]
[1.0471799 0.        0.       ]
[0. 0. 0.]
[0. 0. 0.]
[0.       2.199078 0.      ]
[2.233984 0.       0.      ]
[0. 0. 0.]
[0. 0. 0.]
[0. 0. 0.]
[2.862292 0.       0.      ]
[0. 0. 0.]



[0. 0. 0.]
[0. 0. 0.]
[0. 0. 0.]
[0. 0. 0.]
[0. 0. 0.]
[0. 0. 0.]
[0. 0. 0.]
[0. 0. 0.]
[0. 0. 0.]
[0. 0. 0.]
[0. 0. 0.]
[0. 0. 0.]
[0. 0. 0.]
[0. 0. 0.]
[0. 0. 0.]
[0. 0. 0.]
[0. 0. 0.]
[0. 0. 0.]
[0. 0. 0.]
[0. 0. 0.]
[0. 0. 0.]
[0. 0. 0.]
[0. 0. 0.]
[2.26889 0.      0.     ]
[0. 0. 0.]
[0.       8.499611 0.      ]
[5.7420373 1.3787869 0.       ]
[0.       1.082086 0.      ]
[0. 0. 0.]
[0. 0. 0.]
[2.199078 2.460873 0.      ]
[0. 0. 0.]
[0. 0. 0.]
[0. 0. 0.]
[2.44342  2.513232 0.      ]
[0. 0. 0.]
[0. 0. 0.]
[0. 0. 0.]
[2.26889   1.6580349 0.       ]
[0. 0. 0.]
[0. 0. 0.]
[0. 0. 0.]
[0. 0. 0.]
[0. 0. 0.]
[1.5533171 1.5533171 0.       ]
[0. 0. 0.]
[17.714796  3.001916  0.      ]
[0. 0. 0.]
[0. 0. 0.]
[0. 0. 0.]
[0. 0. 0.]
[0. 0. 0.]
[0. 0. 0.]
[0. 0. 0.]
[0. 0. 0.]
[0. 0. 0.]
[0. 0. 0.]
[0. 0. 0.]
[0. 0. 0.]



[0. 0. 0.]
[0. 0. 0.]
[0. 0. 0.]
[0. 0. 0.]
[0. 0. 0.]
[0. 0. 0.]
[0. 0. 0.]
[0. 0. 0.]
[0. 0. 0.]
[0. 0. 0.]
[0. 0. 0.]
[0. 0. 0.]
[0. 0. 0.]
[0. 0. 0.]
[0. 0. 0.]
[0. 0. 0.]
[0. 0. 0.]
[0. 0. 0.]
[0. 0. 0.]
[0. 0. 0.]
[0. 0. 0.]
[0. 0. 0.]
[0. 0. 0.]
[0. 0. 0.]
[0.       3.420788 0.      ]
[4.031643 0.       0.      ]
[0.       1.413693 0.      ]
[0. 0. 0.]
[0. 0. 0.]
[0. 0. 0.]
[1.204257 1.448599 0.      ]
[0. 0. 0.]
[0. 0. 0.]
[0. 0. 0.]
[1.064633 1.466052 0.      ]
[0. 0. 0.]
[0. 0. 0.]
[0. 0. 0.]
[1.116992 1.099539 0.      ]
[0. 0. 0.]
[0. 0. 0.]
[0. 0. 0.]
[0. 0. 0.]
[0. 0. 0.]
[1.082086 0.       0.      ]
[0. 0. 0.]
[2.478326 0.       0.      ]
[0. 0. 0.]
[0. 0. 0.]
[0. 0. 0.]
[0. 0. 0.]
[0. 0. 0.]
[0. 0. 0.]
[0. 0. 0.]
[0. 0. 0.]
[0. 0. 0.]
[0. 0. 0.]
[0. 0. 0.]
[0. 0. 0.]



[0. 0. 0.]
[0. 0. 0.]
[0. 0. 0.]
[0. 0. 0.]
[0. 0. 0.]
[0. 0. 0.]
[0. 0. 0.]
[0. 0. 0.]
[0. 0. 0.]
[0. 0. 0.]
[0. 0. 0.]
[0. 0. 0.]
[0. 0. 0.]
[0. 0. 0.]
[0. 0. 0.]
[0. 0. 0.]
[0. 0. 0.]
[0. 0. 0.]
[0. 0. 0.]
[0. 0. 0.]
[0. 0. 0.]
[0. 0. 0.]
[0. 0. 0.]
[0.        1.0471799 0.       ]
[0. 0. 0.]
[0.        1.0297271 0.       ]
[0. 0. 0.]
[0. 0. 0.]
[0. 0. 0.]
[0. 0. 0.]
[0. 0. 0.]
[0. 0. 0.]
[0. 0. 0.]
[0. 0. 0.]
[0. 0. 0.]
[0. 0. 0.]
[0. 0. 0.]
[0. 0. 0.]
[0. 0. 0.]
[0. 0. 0.]
[0. 0. 0.]
[0. 0. 0.]
[0. 0. 0.]
[0. 0. 0.]
[1.5533171 0.        0.       ]
[0. 0. 0.]
[0. 0. 0.]
[0. 0. 0.]
[2.129266 0.       0.      ]
[0.       1.204257 0.      ]
[0. 0. 0.]
[0. 0. 0.]
[0. 0. 0.]
[0. 0. 0.]
[0. 0. 0.]
[0. 0. 0.]
[0. 0. 0.]
[0. 0. 0.]
[0. 0. 0.]



[0. 0. 0.]
[0. 0. 0.]
[0. 0. 0.]
[0. 0. 0.]
[0. 0. 0.]
[0. 0. 0.]
[0. 0. 0.]
[0. 0. 0.]
[0. 0. 0.]
[0. 0. 0.]
[0. 0. 0.]
[0. 0. 0.]
[0. 0. 0.]
[0. 0. 0.]
[0. 0. 0.]
[0. 0. 0.]
[0. 0. 0.]
[0. 0. 0.]
[0. 0. 0.]
[0. 0. 0.]
[0. 0. 0.]
[0. 0. 0.]
[0. 0. 0.]
[0. 0. 0.]
[0. 0. 0.]
[0. 0. 0.]
[0. 0. 0.]
[0. 0. 0.]
[0. 0. 0.]
[0.       1.064633 0.      ]
[0. 0. 0.]
[0. 0. 0.]
[0. 0. 0.]
[0. 0. 0.]
[0. 0. 0.]
[0. 0. 0.]
[0. 0. 0.]
[0. 0. 0.]
[0. 0. 0.]
[0. 0. 0.]
[0. 0. 0.]
[2.024548 0.       0.      ]
[0. 0. 0.]
[0. 0. 0.]
[4.258532  1.4660519 0.       ]
[0. 0. 0.]
[0. 0. 0.]
[0. 0. 0.]
[0. 0. 0.]
[0.       1.448599 0.      ]
[0. 0. 0.]
[0. 0. 0.]
[0. 0. 0.]
[0. 0. 0.]
[0. 0. 0.]
[0. 0. 0.]
[1.466052 0.       0.      ]
[0. 0. 0.]
[0. 0. 0.]



[0. 0. 0.]
[0. 0. 0.]
[0. 0. 0.]
[0. 0. 0.]
[0. 0. 0.]
[0. 0. 0.]
[0. 0. 0.]
[0. 0. 0.]
[0. 0. 0.]
[0. 0. 0.]
[0. 0. 0.]
[0. 0. 0.]
[0. 0. 0.]
[0. 0. 0.]
[0. 0. 0.]
[0. 0. 0.]
[0. 0. 0.]
[0. 0. 0.]
[0. 0. 0.]
[0. 0. 0.]
[0. 0. 0.]
[0. 0. 0.]
[0. 0. 0.]
[0. 0. 0.]
[0. 0. 0.]
[1.134445 0.       0.      ]
[0. 0. 0.]
[0. 0. 0.]
[0. 0. 0.]
[1.0471799 0.        0.       ]
[0. 0. 0.]
[0. 0. 0.]
[0. 0. 0.]
[1.5533171 0.        0.       ]
[0. 0. 0.]
[0. 0. 0.]
[0. 0. 0.]
[1.780206 0.       0.      ]
[0. 0. 0.]
[0. 0. 0.]
[0. 0. 0.]
[3.001916 0.       0.      ]
[0. 0. 0.]
[0. 0. 0.]
[5.794396 2.146719 0.      ]
[0. 0. 0.]
[0. 0. 0.]
[0. 0. 0.]
[1.012274 0.       0.      ]
[0.       1.448599 0.      ]
[0. 0. 0.]
[0. 0. 0.]
[1.483505 0.       0.      ]
[0. 0. 0.]
[0. 0. 0.]
[0. 0. 0.]
[3.2113519 0.        0.       ]
[0. 0. 0.]
[0. 0. 0.]



[0. 0. 0.]
[0. 0. 0.]
[0. 0. 0.]
[0. 0. 0.]
[0. 0. 0.]
[0. 0. 0.]
[0. 0. 0.]
[0. 0. 0.]
[0. 0. 0.]
[0. 0. 0.]
[0. 0. 0.]
[0. 0. 0.]
[0. 0. 0.]
[0. 0. 0.]
[0. 0. 0.]
[0. 0. 0.]
[0. 0. 0.]
[0. 0. 0.]
[0. 0. 0.]
[0. 0. 0.]
[0. 0. 0.]
[0. 0. 0.]
[0. 0. 0.]
[0. 0. 0.]
[0. 0. 0.]
[0. 0. 0.]
[0. 0. 0.]
[0. 0. 0.]
[0. 0. 0.]
[1.134445 1.186804 0.      ]
[0. 0. 0.]
[0. 0. 0.]
[0. 0. 0.]
[2.8971982 0.        0.       ]
[0. 0. 0.]
[0. 0. 0.]
[0. 0. 0.]
[3.001916 0.       0.      ]
[0. 0. 0.]
[0. 0. 0.]
[0. 0. 0.]
[2.635403 0.       0.      ]
[0. 0. 0.]
[0. 0. 0.]
[4.3632503 0.        0.       ]
[1.291522 0.       0.      ]
[0.       1.867471 0.      ]
[0. 0. 0.]
[3.83966 0.      0.     ]
[0. 0. 0.]
[0. 0. 0.]
[0. 0. 0.]
[4.8344812 0.        0.       ]
[0. 0. 0.]
[0. 0. 0.]
[0. 0. 0.]
[5.515148  1.5184109 0.       ]
[0. 0. 0.]
[0. 0. 0.]



[0. 0. 0.]
[0. 0. 0.]
[0. 0. 0.]
[0. 0. 0.]
[0. 0. 0.]
[0. 0. 0.]
[0. 0. 0.]
[0. 0. 0.]
[0. 0. 0.]
[0. 0. 0.]
[0. 0. 0.]
[0. 0. 0.]
[0. 0. 0.]
[0. 0. 0.]
[0. 0. 0.]
[0. 0. 0.]
[0. 0. 0.]
[0. 0. 0.]
[0. 0. 0.]
[0. 0. 0.]
[0. 0. 0.]
[0. 0. 0.]
[0. 0. 0.]
[0.       1.204257 0.      ]
[2.373608 0.       0.      ]
[0. 0. 0.]
[0. 0. 0.]
[0. 0. 0.]
[0. 0. 0.]
[1.186804 0.       0.      ]
[0. 0. 0.]
[0. 0. 0.]
[0. 0. 0.]
[5.0090113 1.012274  0.       ]
[0. 0. 0.]
[0. 0. 0.]
[0. 0. 0.]
[5.288259 0.       0.      ]
[0. 0. 0.]
[0. 0. 0.]
[0. 0. 0.]
[2.2688901 0.        0.       ]
[0. 0. 0.]
[0.        1.6929411 0.       ]
[0. 0. 0.]
[3.647677 0.       0.      ]
[0.        3.5778651 0.       ]
[0. 0. 0.]
[4.9391994 0.        0.       ]
[0. 0. 0.]
[0. 0. 0.]
[0. 0. 0.]
[5.6373196 2.408514  0.       ]
[0. 0. 0.]
[0. 0. 0.]
[0. 0. 0.]
[7.120824 2.26889  0.      ]
[0. 0. 0.]
[0. 0. 0.]



