0.08667199224866821 -0.297491192817688 0.5426233063184421 0.06908872826724527 -0.37637293338775635 0.3878377931306915 0.07819125481465004 -0.37254345417022705 0.12635639392977296 0.08689628060822248 -0.3567425310611725 -0.09016902183196661
0.08666568066987626 -0.2973463833332062 0.5426243021892923 0.06906534154042498 -0.3762516379356384 0.3878550462737726 0.07816674828894497 -0.3725088834762573 0.12637362252747836 0.08692204865068529 -0.3567682206630707 -0.09015519440286743
0.08666568066987626 -0.2973463833332062 0.5426243021892923 0.06906534154042498 -0.3762516379356384 0.3878550462737726 0.07816674828894497 -0.3725088834762573 0.12637362252747836 0.08692204865068529 -0.3567682206630707 -0.09015519440286743
0.08665269606109532 -0.29722151160240173 0.5426189016990876 0.06902963864667744 -0.37614843249320984 0.38786130346668435 0.07812063437850458 -0.3724679946899414 0.1263795320470746 0.08691885356630986 -0.3567577302455902 -0.0901491947890961
0.08661705336882132 -0.2971159517765045 0.5426463172287541 0.06896343632801136 -0.37607160210609436 0.387899561351441 0.07803827252895706 -0.37243175506591797 0.12641959509882852 0.08685952257107618 -0.35671404004096985 -0.09010610119839987
0.08658067202854644 -0.29699811339378357 0.5426498514086694 0.06889368311769564 -0.37598520517349243 0.3879135986380071 0.07794946461393372 -0.3723828196525574 0.1264313959043093 0.08677140894516887 -0.35661187767982483 -0.09008863639614592
0.08652098835947811 -0.2969072461128235 0.5426492837875619 0.06880452619949731 -0.37592557072639465 0.38792806870472135 0.07785477557440403 -0.37240171432495117 0.1264423757676598 0.08671048643587786 -0.3566572964191437 -0.09007945548885926
0.08644246234984726 -0.2968314290046692 0.5426538661707458 0.06869819649824603 -0.37587589025497437 0.3879520555232234 0.07773667985840099 -0.37243080139160156 0.1264639200246225 0.086637108673561 -0.35674428939819336 -0.09006241870688558
0.08637186390752971 -0.29674649238586426 0.5426523900760134 0.06859793905089027 -0.37579500675201416 0.3879623992640431 0.07762510580610335 -0.3724088966846466 0.12647282597337808 0.0865820387277237 -0.35679638385772705 -0.09006027322640861
0.08629089947136842 -0.2966838777065277 0.5426380864442749 0.06847802637267131 -0.3757466971874237 0.38795864257558627 0.07749076746861669 -0.3724305331707001 0.12646945750662603 0.08649896962062997 -0.35688814520835876 -0.09006872734234013
0.08621966717265994 -0.2966201901435852 0.5426236887865747 0.06836515975820683 -0.3756956458091736 0.3879535363054621 0.07735726256044434 -0.37243008613586426 0.12646377690827704 0.08640292519321097 -0.35692211985588074 -0.09007459265214576
0.08617804354792016 -0.2965759336948395 0.5426068914303129 0.06829472680319743 -0.3756694495677948 0.38794193222498624 0.07725470610466718 -0.372431218624115 0.12645079649618668 0.0862972921702962 -0.3568873703479767 -0.09008383680838297
0.08613586594372558 -0.2965362071990967 0.5425909425085016 0.06822569315475233 -0.3756479024887085 0.3879292255908031 0.07715834080425919 -0.37243613600730896 0.12643758743346073 0.08617859837892658 -0.35686007142066956 -0.09009349167628006
0.0860690309455438 -0.29650846123695374 0.5425799268978357 0.06812348873676174 -0.37563803791999817 0.3879264415166155 0.07702207690247928 -0.3724692165851593 0.12643433985269123 0.08602792037994343 -0.3568958640098572 -0.09009816761145062
0.08599104372183394 -0.2964775562286377 0.5425624167446121 0.06801543214139935 -0.3756255805492401 0.38792621995738963 0.07688383134574556 -0.372501403093338 0.126433025783622 0.08588602091373965 -0.35695433616638184 -0.09010129432861581
0.08591067735354208 -0.2964083254337311 0.5425408658441729 0.0679070526624122 -0.3755737245082855 0.3879146303113473 0.07675314232385222 -0.3725135028362274 0.12641912781650666 0.08578568557395669 -0.357006311416626 -0.09011620944796794
0.08583818625376877 -0.29632073640823364 0.5425313829654634 0.06780653938357872 -0.37550365924835205 0.38791032078302323 0.07662852721212973 -0.3724827468395233 0.12641466971406984 0.08565416852423112 -0.35698622465133667 -0.0901203523605289
0.08576246544499527 -0.2962482273578644 0.5425529092236863 0.06771405497958881 -0.37544572353363037 0.38793287307345015 0.07651529265577799 -0.37245771288871765 0.12643639091782863 0.08550585431220761 -0.35695719718933105 -0.09009518345268051
0.08569895256281614 -0.2961600124835968 0.5425111918677641 0.06764620272471944 -0.3753746747970581 0.3878889755844816 0.07642857420693579 -0.3724176585674286 0.12639319081040773 0.08538752369726293 -0.35689252614974976 -0.09013540613872008
0.08562043706517532 -0.2960756719112396 0.5425193655081557 0.06754212221929724 -0.37531450390815735 0.3879093621818621 0.07629854409415375 -0.37239396572113037 0.12641612968682467 0.0852345993598821 -0.35686981678009033 -0.09011408694940043
0.08555666064476276 -0.2959665060043335 0.5425102967263576 0.06745010193553064 -0.37522169947624207 0.38790526756732835 0.07617498810984215 -0.3723464012145996 0.12640892320534683 0.08510529393626232 -0.356843501329422 -0.09012452615958066
0.0855316744396944 -0.29586008191108704 0.5424943171451909 0.06739537992226158 -0.37511980533599854 0.38789371092320296 0.07608719414827059 -0.37228649854660034 0.12639597340595288 0.08501588492619845 -0.35681283473968506 -0.09013942188138098
0.08555568695798427 -0.29578763246536255 0.5424775982296239 0.06738547021690235 -0.3750602602958679 0.3878825694316299 0.07603530054390631 -0.37226706743240356 0.12638381498416468 0.08497545224836567 -0.35681891441345215 -0.09015387710883695
0.08558262885507589 -0.295755535364151 0.5424499493510226 0.06737689116378476 -0.3750501275062561 0.3878614033228023 0.07598199243572362 -0.372298926115036 0.12636205411254944 0.08493130758214472 -0.3568591773509979 -0.09017606669269788
0.08561829799516199 -0.2957792580127716 0.5424036869633948 0.06736952408712046 -0.37509623169898987 0.3878190720619599 0.0759304134187546 -0.3723885715007782 0.12631776775466727 0.08489598965721726 -0.356962114572525 -0.09022136382398976
0.08563806847546895 -0.2957865297794342 0.54236193814977 0.06733641377449612 -0.3751221001148224 0.3877681140636141 0.07585203289824544 -0.37245848774909973 0.12626396791091704 0.08483649855926063 -0.357045978307724 -0.09027696600530699
0.08571654055984856 -0.29577985405921936 0.5423276111268949 0.06736917290163921 -0.3751348555088043 0.3877370319078879 0.07585327492785339 -0.3725544810295105 0.1262315033823542 0.0848492697463249 -0.3572012186050415 -0.09031199056072657
0.08577729685067571 -0.2957567870616913 0.5423108608320057 0.06738506988651335 -0.3751264214515686 0.3877323685884351 0.07581484468089086 -0.3726433515548706 0.1262237332654572 0.08480070136533256 -0.35737210512161255 -0.09032428033385653
0.08585397416818494 -0.29572656750679016 0.5423122778313132 0.06743185043710162 -0.3751068711280823 0.38775165796256555 0.07580565097874713 -0.37268224358558655 0.1262400165602566 0.08477254101595028 -0.3574654459953308 -0.09031316528634702
0.08593295402482616 -0.2956750988960266 0.5423172500717752 0.06748433134184116 -0.3750721514225006 0.38777549216313534 0.07580531406176495 -0.37270307540893555 0.1262631218247356 0.08477447604962794 -0.35752779245376587 -0.09029560298345128
0.08604400260277598 -0.29562342166900635 0.5423263239267369 0.06755844928160512 -0.37505754828453064 0.38780660147721224 0.07582009571295595 -0.3727538585662842 0.12629210860911763 0.0847905780275939 -0.3576147258281708 -0.0902714656810161
0.08614515052694774 -0.2955733835697174 0.5423318266942347 0.06761918333241501 -0.37504470348358154 0.3878255131005917 0.07582359577366025 -0.3727973401546478 0.12630939836320673 0.08479556411315725 -0.3576776385307312 -0.09025448540384262
0.08625770070374944 -0.2955031394958496 0.5423285274672194 0.06768702242301602 -0.37501150369644165 0.38782925762458836 0.07583226173156765 -0.3728286027908325 0.126310361646138 0.08480449246039572 -0.3577078580856323 -0.09025445626274418
0.0863718603858511 -0.29541364312171936 0.5423630694372825 0.06776105818613654 -0.37495964765548706 0.3878706519122368 0.07586312933720712 -0.3728781044483185 0.12635085085663067 0.0848497278720701 -0.35781070590019226 -0.09021800308997881
0.08648078781053979 -0.2953241765499115 0.5423818883439991 0.06783018775553921 -0.37490561604499817 0.38789644182164185 0.07587032068126656 -0.37289366126060486 0.12637534954125376 0.0848608318928044 -0.35785481333732605 -0.09019739088040776
0.08659390113586339 -0.295227974653244 0.5423658335859565 0.06790805471247427 -0.37484458088874817 0.387888749194165 0.07589052177256359 -0.3728958070278168 0.12636533850414 0.08488850793728187 -0.35788124799728394 -0.0902091173614596
0.08670838893889854 -0.29514211416244507 0.5423769478779447 0.0679888594246388 -0.3747991919517517 0.38791024922449685 0.07592443563849953 -0.3729252517223358 0.12638599214800134 0.08493584678141658 -0.357948899269104 -0.0901914838620931
0.0869658619661635 -0.2950604259967804 0.5423888991410336 0.0681811393454797 -0.37478816509246826 0.3879378690214677 0.07605395126829559 -0.37301430106163025 0.12641429691212178 0.08507936862990657 -0.35802915692329407 -0.09016195896521068
0.0869658619661635 -0.2950604259967804 0.5423888991410336 0.0681811393454797 -0.37478816509246826 0.3879378690214677 0.07605395126829559 -0.37301430106163025 0.12641429691212178 0.08507936862990657 -0.35802915692329407 -0.09016195896521068
0.08710245368302155 -0.29503822326660156 0.5423995808487119 0.06827820420218789 -0.3747958838939667 0.3879566827095053 0.07611616339096292 -0.37309181690216064 0.12643172401768188 0.085154349214687 -0.358112096786499 -0.09014453603200373
0.08726607519407209 -0.2949816882610321 0.5424161910109218 0.06841292539161864 -0.374748170375824 0.3879816196091846 0.07620939606901439 -0.37307876348495483 0.12645452856017284 0.08523091772681189 -0.3581072986125946 -0.09012368109371137
0.08742346604027776 -0.29494449496269226 0.5424344026097618 0.06854444124953128 -0.3747047781944275 0.3880047462574854 0.07631467063618172 -0.37308502197265625 0.12647573858387026 0.08536026966169077 -0.35816526412963867 -0.09010457609908364
0.08761447801705699 -0.29498156905174255 0.5424348328885434 0.06870834603212607 -0.3747359812259674 0.38801141839950104 0.07644627213431354 -0.3731488287448883 0.1264799413472363 0.08550609046819446 -0.35826751589775085 -0.09010290413940335
0.08777946366166609 -0.2950691282749176 0.5424471958425965 0.06884087165066163 -0.37481698393821716 0.38804010987453796 0.0765398361096769 -0.37324583530426025 0.12650837020356484 0.08560926444164661 -0.3583850562572479 -0.0900770709324336
0.08788535315951888 -0.29517239332199097 0.5424537176498299 0.06889891632271969 -0.3749416470527649 0.3880500464510505 0.07655500409314311 -0.37341850996017456 0.12651774171420974 0.08562611296089251 -0.35854917764663696 -0.09006758773100014
0.08797427684442233 -0.29528629779815674 0.5424486215744249 0.06894679231143777 -0.37505584955215454 0.38803987266836354 0.07656457776742125 -0.3735642731189728 0.12650434194909954 0.08563455569574496 -0.35868874192237854 -0.09007962177903407
0.08807399416852879 -0.2953757345676422 0.5424439445161958 0.06900905826044351 -0.37513792514801025 0.3880240641269837 0.07659322892361602 -0.3736647665500641 0.12648752592448245 0.08566466743615053 -0.3587813675403595 -0.09009603895247048
0.08817385897379132 -0.29545748233795166 0.5424376050570426 0.06907376296796183 -0.3752010762691498 0.38801179299219213 0.07662802434530788 -0.3737298548221588 0.12647497247498765 0.08570378853659794 -0.35883408784866333 -0.09010836572280342
0.08828007558913398 -0.2955251932144165 0.5424282986176431 0.06915018564396028 -0.3752524256706238 0.38799972368342883 0.07669345616858148 -0.3737711012363434 0.12646361106907683 0.08579092223497445 -0.3588514029979706 -0.09011613382545756
0.08839112959091588 -0.2955814599990845 0.5424113431002284 0.06923035143395426 -0.37529516220092773 0.3879749715210784 0.07677735020920155 -0.3738240599632263 0.1264394963348642 0.0859153446617347 -0.3588904142379761 -0.090136989646157
0.08849424740839029 -0.2956418991088867 0.5424002059412919 0.06933914308313585 -0.37534111738204956 0.3879599096533739 0.07694241261031402 -0.37387752532958984 0.12642730229409613 0.08614422628472547 -0.3589218854904175 -0.09014152479828512
0.08860410001843827 -0.2956794202327728 0.5423959493326748 0.06945008451751465 -0.3753646910190582 0.3879510522992426 0.07710434708364892 -0.3738909661769867 0.1264203508809643 0.08634288661770718 -0.3588522970676422 -0.09013565880966237
0.08872740883677152 -0.2957310378551483 0.5424005458609662 0.06955807047964005 -0.3754021227359772 0.3879529131576421 0.07722922249946303 -0.37392404675483704 0.12642229640970679 0.08648750544868265 -0.35880595445632935 -0.09012372642178626
0.08885560059596202 -0.29578250646591187 0.5423861878300579 0.06969875689128668 -0.3754422068595886 0.3879277257698926 0.07738767207203173 -0.3739694356918335 0.12639510204943577 0.08665720535367875 -0.35880133509635925 -0.09014645953300429
0.08899170642252333 -0.2958453297615051 0.5423812683582211 0.06982938096302785 -0.3754898011684418 0.3879139425558958 0.07752821793529664 -0.3740044832229614 0.1263831340350544 0.08683299955680598 -0.3588062524795532 -0.09015627284382673
0.08911373974668706 -0.29587727785110474 0.5423800072106766 0.06995609101891984 -0.3755107522010803 0.387907770659947 0.0776998005714271 -0.37405160069465637 0.12637686652959795 0.08705725623023203 -0.3588533401489258 -0.09015782993298749
0.08923420683335323 -0.29591670632362366 0.5423911732493865 0.07008611354990096 -0.37554609775543213 0.3879213402244696 0.07788837792847945 -0.3741051256656647 0.12639209286410044 0.08731777425884572 -0.35889896750450134 -0.09013560050039791
0.08936165151038 -0.29591891169548035 0.5424017615354295 0.07021561422303765 -0.37553682923316956 0.38792881977885413 0.07807101009311063 -0.3741014301776886 0.12640123424302713 0.087565924922163 -0.35886967182159424 -0.09011999585193897
0.08949265408828044 -0.29589733481407166 0.5424255307932595 0.07035194895392105 -0.37552496790885925 0.38795749014971276 0.0782500812047989 -0.3740973174571991 0.12643356884691992 0.08780281150132646 -0.3588169813156128 -0.09008138020927783
0.08961422139722505 -0.29583504796028137 0.5424475654129066 0.07048144687038516 -0.375474214553833 0.3879854043905468 0.07843924087295309 -0.3740834891796112 0.12646406832204812 0.08804840087511895 -0.3587473928928375 -0.09003665188372048
0.08971191660755816 -0.2957386076450348 0.5424646697803007 0.07058125839578763 -0.3754068613052368 0.3880010808623512 0.07859500577818919 -0.37406376004219055 0.12648028815308957 0.0882620931419259 -0.35868263244628906 -0.09000984765727321
0.08981100952787445 -0.29565730690956116 0.5424675368480804 0.07068451521919066 -0.37535327672958374 0.38800422757582853 0.07871429787430272 -0.37405481934547424 0.12648311464450712 0.08840759097529176 -0.3586600720882416 -0.09000470378388661
0.08988165041357705 -0.29559245705604553 0.5424972007565425 0.07076153946213258 -0.37531349062919617 0.3880398432756015 0.07881690590896465 -0.37408027052879333 0.12651794077394649 0.08854441851990308 -0.3586868643760681 -0.08996717095781671
0.08993619253125952 -0.2955164909362793 0.5425262143542863 0.07081825799375316 -0.3752586841583252 0.38806590842150496 0.07889855915443593 -0.3740934729576111 0.12654345047995802 0.08868076157680652 -0.3587535321712494 -0.08994955505622707
0.08996652120918293 -0.2954849600791931 0.5425428474132069 0.07085564471342448 -0.37520748376846313 0.3880798765090312 0.07896980332668699 -0.3740699291229248 0.126554004551739 0.08881940605932465 -0.3588270843029022 -0.08995214747340323
0.09000625544795306 -0.295440673828125 0.542564922476849 0.07090894917710265 -0.37514474987983704 0.3881005823994619 0.07907280743157619 -0.3740445375442505 0.1265721408899545 0.08902057328660785 -0.35901060700416565 -0.0899570020940289
0.09003662672590944 -0.2953758239746094 0.5425837733485847 0.07094822808048076 -0.3750998377799988 0.388121719486523 0.07915921213229335 -0.3740581274032593 0.12659763081417838 0.08917214179225413 -0.35912516713142395 -0.08993150555231402
0.0901754364272247 -0.2952072322368622 0.5426453352424363 0.07114933693239026 -0.37500613927841187 0.38821962524972586 0.07944374239765079 -0.374112606048584 0.12669942932485048 0.08953399272324614 -0.35920217633247375 -0.08983115758582226
0.090265951614968 -0.2951590120792389 0.5426462445553032 0.07125859551821861 -0.37494513392448425 0.38822695457747086 0.07959328186231562 -0.37407511472702026 0.1267044605245089 0.08972240908798251 -0.3592069149017334 -0.08982667910854515
0.090265951614968 -0.2951590120792389 0.5426462445553032 0.07125859551821861 -0.37494513392448425 0.38822695457747086 0.07959328186231562 -0.37407511472702026 0.1267044605245089 0.08972240908798251 -0.3592069149017334 -0.08982667910854515
0.090372846074414 -0.29509320855140686 0.5426601558452091 0.07134763437245237 -0.374864786863327 0.388258669546841 0.07970475323627216 -0.3739815950393677 0.1267410603110741 0.08989216786277496 -0.35911473631858826 -0.08978608264645183
0.09049263156435783 -0.2949449419975281 0.5427145846660655 0.07142873271900038 -0.37469813227653503 0.38833823920866134 0.07975344014202773 -0.3737926781177521 0.1268192954150495 0.08998566124971447 -0.35890522599220276 -0.08970390990080489
0.09049263156435783 -0.2949449419975281 0.5427145846660655 0.07142873271900038 -0.37469813227653503 0.38833823920866134 0.07975344014202773 -0.3737926781177521 0.1268192954150495 0.08998566124971447 -0.35890522599220276 -0.08970390990080489
0.0905390778669411 -0.29486653208732605 0.5427014716267323 0.07145643156865972 -0.3746359348297119 0.38831622248685377 0.07975996684535765 -0.3737599551677704 0.12679471224470415 0.09000722705649011 -0.35885727405548096 -0.08972534126386379
0.09062540372211031 -0.294839471578598 0.5426711923267293 0.07153472680135095 -0.374623566865921 0.38827098912307456 0.07982083582107384 -0.3737752437591553 0.12675038628584576 0.09007325001298455 -0.358830988407135 -0.08976511850930932
0.09072338798218017 -0.2948172390460968 0.542633270693088 0.07162669453445406 -0.3745828866958618 0.38821589855791216 0.07989695484498002 -0.3737232983112335 0.126693934569511 0.09016190694405755 -0.35875561833381653 -0.08981965009268007
0.09078019561944166 -0.294778436422348 0.5426116223458805 0.07165164129527901 -0.37453901767730713 0.3881827470310883 0.07993134170923226 -0.37367212772369385 0.12666473962312758 0.09024038649837501 -0.35866695642471313 -0.08984217326063827
0.09087263336296512 -0.29476070404052734 0.5425852960750752 0.07170913849907647 -0.3745318055152893 0.38814599073774303 0.07997207197359778 -0.37368810176849365 0.12662778237105365 0.09030029726810043 -0.35865744948387146 -0.0898761199271432
0.09093275788641768 -0.2947726249694824 0.5426061881410633 0.07174737599956477 -0.3745211362838745 0.3881684117270662 0.07999730963635793 -0.3736593425273895 0.12664927446522414 0.09034072211044586 -0.3586061894893646 -0.08985255494607394
0.09103835537634346 -0.2947825491428375 0.5426025114561454 0.07183341469809043 -0.3745112717151642 0.38815713567227467 0.08007641397310682 -0.37365058064460754 0.126635812456255 0.0904502485280953 -0.35861101746559143 -0.08986536003424588
0.09112490512790336 -0.2948213815689087 0.5426025902623899 0.07189823254377106 -0.3745495676994324 0.3881612105516798 0.08014082159019134 -0.373688668012619 0.1266423192901018 0.09055744586181873 -0.35865116119384766 -0.08985671760344607
0.09118214245478388 -0.29482388496398926 0.5426265173194584 0.0719360965423395 -0.3745698928833008 0.38818961219925 0.08017768517441247 -0.3737275004386902 0.12667348200532988 0.09063021343096794 -0.35866817831993103 -0.08982092602932973
0.09121664639827168 -0.2948775887489319 0.5426250904571311 0.07191279406618467 -0.3746137320995331 0.3881702515054834 0.08017250434664858 -0.37378671765327454 0.12665473416819836 0.09070386687927957 -0.35868000984191895 -0.08983061558733847
0.09121131403079254 -0.2948932349681854 0.5426160604517506 0.07189496235911103 -0.37461650371551514 0.3881553255122271 0.08015847296146858 -0.3737977147102356 0.12663853715713505 0.0907078091931801 -0.35869258642196655 -0.0898463026253174
0.09118495307947332 -0.29491862654685974 0.5426174318221211 0.07185785326706112 -0.37463024258613586 0.38815424738456367 0.08012481004218776 -0.37382104992866516 0.12663866234045387 0.09069309523018416 -0.3587191700935364 -0.08984510971812576
0.09112789752269945 -0.2949429750442505 0.5426224828429272 0.07181592070072322 -0.37463346123695374 0.38815636158272876 0.08010889615158706 -0.37381675839424133 0.12663803591111852 0.0907011333524188 -0.3586967885494232 -0.08984313999640878
0.09103906626717675 -0.29495733976364136 0.5426241763098776 0.07173669258699292 -0.3746328055858612 0.38815106812423206 0.080058604110682 -0.3738257586956024 0.1266309263502367 0.090715597851575 -0.3586578071117401 -0.08984303858261
0.09103906626717675 -0.29495733976364136 0.5426241763098776 0.07173669258699292 -0.3746328055858612 0.38815106812423206 0.080058604110682 -0.3738257586956024 0.1266309263502367 0.090715597851575 -0.3586578071117401 -0.08984303858261
0.09099319693015893 -0.2949804663658142 0.5426358445665524 0.0717054430322073 -0.3746432960033417 0.3881576306403643 0.08009867718008812 -0.3738487660884857 0.12664007638546104 0.0908511623220378 -0.3586655855178833 -0.08982642673427764
0.09096279586576952 -0.29500046372413635 0.5426336860618128 0.07168130766390166 -0.3746494650840759 0.38814082896066765 0.08012705961103528 -0.3738746643066406 0.12662283260915952 0.09096150449670592 -0.35868343710899353 -0.08983881537917143
0.09093723218781935 -0.295026570558548 0.5426238784790581 0.07166007866590876 -0.3746798038482666 0.388117403666275 0.08014241824079855 -0.3739495277404785 0.12659860661880185 0.09103903403862901 -0.35875263810157776 -0.08985990442007406
0.09090267507636288 -0.29507744312286377 0.5426287712716896 0.07163680340044316 -0.3747200071811676 0.3881114791845098 0.0801611725462703 -0.3740065097808838 0.12659267838058405 0.09111329181240269 -0.358804851770401 -0.08986249435280894
0.09085554939653809 -0.2951303720474243 0.542634703229044 0.07160320699242559 -0.37476077675819397 0.388118611401451 0.0801697635232816 -0.37405914068222046 0.1266016534031984 0.09116131585303602 -0.3588506579399109 -0.08984988635894003
0.09078784429833975 -0.2951694428920746 0.5426429383410459 0.07154884946496523 -0.3747864365577698 0.3881273125883663 0.0801563318641207 -0.3740953505039215 0.12661090366418543 0.09118367471984787 -0.3588768243789673 -0.08983885964499261
0.0906901883158513 -0.29519394040107727 0.5426314622956975 0.0714609091413212 -0.37479013204574585 0.3881090989545814 0.08010763818979243 -0.37410444021224976 0.12659311257081812 0.09119602660251058 -0.3588874042034149 -0.08985516195313627
0.09058923581837666 -0.29521432518959045 0.5426134705681714 0.07136464798716027 -0.37478500604629517 0.3880848514031934 0.08005311567484313 -0.3741026222705841 0.1265687681341626 0.09119856127448363 -0.3588886857032776 -0.08987698766488657
0.09038182550804538 -0.2952451705932617 0.542585076935313 0.07115745822150707 -0.3747606873512268 0.38804714249208905 0.07994635093843641 -0.37405654788017273 0.12653046162510437 0.0911962181701787 -0.3587847352027893 -0.08990259708190386
0.09038182550804538 -0.2952451705932617 0.542585076935313 0.07115745822150707 -0.3747606873512268 0.38804714249208905 0.07994635093843641 -0.37405654788017273 0.12653046162510437 0.0911962181701787 -0.3587847352027893 -0.08990259708190386
0.09028193973474855 -0.295281320810318 0.5425749588797243 0.07105527232257955 -0.37476712465286255 0.38803023811729587 0.07990476561642164 -0.3740554749965668 0.12651390702187298 0.09121537590017559 -0.3587687313556671 -0.08991408445255547
0.09017518697076896 -0.29529404640197754 0.5425660267761749 0.07094595060886544 -0.3747881352901459 0.38801063624663235 0.07984634310222519 -0.37411054968833923 0.1264952453472713 0.09123395328494982 -0.3588355779647827 -0.08992940062967544