-0.2640037576745437 0.1863609403371811 0.5225391475880153 -0.37744760874692995 0.1607450246810913 0.4141442464230275 -0.5532919291933283 0.23819805681705475 0.2415253357932601 -0.7351601259521517 0.27226123213768005 0.1330557197936001
-0.2640037576745437 0.1863609403371811 0.5225391475880153 -0.37744760874692995 0.1607450246810913 0.4141442464230275 -0.5532919291933283 0.23819805681705475 0.2415253357932601 -0.7351601259521517 0.27226123213768005 0.1330557197936001
-0.261286254216921 0.18103833496570587 0.5210602879505649 -0.3680708161831598 0.15145038068294525 0.4068329901399164 -0.5350998250026949 0.22237429022789001 0.22288363786980228 -0.7104153109254508 0.25126874446868896 0.10244559522769431
-0.2598568873099466 0.17823480069637299 0.5201672636067317 -0.3629456393604565 0.1464408040046692 0.4028754942251517 -0.5253674515127611 0.21397733688354492 0.21346469212658054 -0.6973803753156664 0.24039818346500397 0.087341269566035
-0.25693103163421904 0.17263981699943542 0.518143985031001 -0.3517085318078924 0.13582256436347961 0.3943772506971751 -0.5046767834018463 0.19634287059307098 0.19470903563782632 -0.6695806122898418 0.2179679572582245 0.05736314424577498
-0.25298793403779435 0.16509562730789185 0.515095318302562 -0.3339807779377768 0.11915557086467743 0.3816303609691917 -0.4715206372358327 0.16756193339824677 0.16782542723402316 -0.6236362159578622 0.18185018002986908 0.013807675582282367
-0.25211287525952847 0.16316859424114227 0.514133909856845 -0.3280692981089204 0.11388683319091797 0.3775346828859421 -0.4579610857213091 0.15646925568580627 0.15805055164534618 -0.6032214428018072 0.16677764058113098 -0.002309580677908804
-0.24924597804283913 0.1589871197938919 0.5106309740894203 -0.3076660980704716 0.09936434030532837 0.36489778062328865 -0.41107037438198674 0.12253399193286896 0.129762773201895 -0.5322673013534658 0.1193443238735199 -0.048657730974186526
-0.2476471237844864 0.15762998163700104 0.5085584849403701 -0.29310936684007866 0.09046688675880432 0.35795179057814297 -0.37605546290520575 0.09905184060335159 0.11418013159004031 -0.4782122273018866 0.0860276073217392 -0.07493706951552404
-0.24678036585771818 0.1569010317325592 0.5070967464062935 -0.2784353025363869 0.08149374276399612 0.35340039481422775 -0.33847517468961996 0.07446719706058502 0.10316385199317611 -0.41907008404943696 0.05163026228547096 -0.09492667743148847
-0.2465929227977665 0.1566765457391739 0.5066876827357718 -0.270942108063262 0.07697544991970062 0.35222077955157255 -0.31951587183888785 0.062369462102651596 0.09968618536998639 -0.3892119742319195 0.03514412045478821 -0.10216116720176224
-0.24735659515288283 0.15681791305541992 0.5069751357480963 -0.24849713124034642 0.06369638442993164 0.3538346595376627 -0.2626132562130523 0.027082957327365875 0.09854482627388517 -0.29898690366213004 -0.011697715148329735 -0.11107707669902142
-0.24978839215993923 0.15805384516716003 0.5076119794580535 -0.23528073837831584 0.05590540170669556 0.3581758626716966 -0.22088954418838988 0.0022807151544839144 0.10632370668608437 -0.22936087173944994 -0.04582921043038368 -0.10331733353416027
-0.2511804784860329 0.15862299501895905 0.5079375692384096 -0.22884300812609532 0.05216100066900253 0.36119448516268926 -0.2001180499893334 -0.00967713724821806 0.11256248890754215 -0.1944907700665846 -0.062311314046382904 -0.09558606407565474
-0.25649385274496717 0.159930020570755 0.5108791518117508 -0.2105380874643921 0.04144996032118797 0.37714528136821285 -0.1392768932854911 -0.04354754835367203 0.14437988081632921 -0.09218827278441541 -0.10894285887479782 -0.05331749738416544
-0.26024750737746916 0.1609414666891098 0.51392451929818 -0.1996411972252789 0.03576057776808739 0.3915449973936452 -0.10193944506760853 -0.06235913559794426 0.173677424885502 -0.02908714040091563 -0.13496379554271698 -0.012637360014166567
-0.2618821355493975 0.16129429638385773 0.5154736565375081 -0.19446068414884 0.03322933241724968 0.39923846635102667 -0.0842272825983814 -0.07068254798650742 0.18998970324685072 0.000850157470581693 -0.14632481336593628 0.010582787882401856
-0.267233629276386 0.16232329607009888 0.5204950833402587 -0.1813884607651309 0.02759205363690853 0.4238892237940017 -0.037244505243575324 -0.09019764512777328 0.24373289868603543 0.08119838300996972 -0.17228171229362488 0.08880000868448673
-0.2706919925766579 0.16326242685317993 0.5243295918042222 -0.17415944607564246 0.025691980496048927 0.44153884656798154 -0.011797825493529243 -0.09855558723211288 0.2799883110601068 0.12452759907201409 -0.18302489817142487 0.1416089822763602
-0.27402086081448795 0.16419927775859833 0.5278316952599945 -0.16843826958801597 0.024648180231451988 0.4587148761087216 0.009753210950320463 -0.10441520810127258 0.3166715342538565 0.16106664325200495 -0.19059701263904572 0.1939884721611892
-0.2774499435731401 0.16563186049461365 0.5314509883419122 -0.1641715015277181 0.02478778548538685 0.47621455680207153 0.027658313825784556 -0.10771620273590088 0.3578209782624257 0.19235147740713682 -0.1950085610151291 0.2552129487992672
-0.28098552074168814 0.16795870661735535 0.5360469163508449 -0.16107071042368365 0.026978326961398125 0.4957894657906066 0.04153620054185095 -0.10766658186912537 0.4008167962405128 0.21639980530169914 -0.19526225328445435 0.3209922935704541
-0.28469677885186595 0.17088519036769867 0.5409164593409059 -0.15958956834079902 0.030573416501283646 0.5157131891714246 0.05133092150745059 -0.10510116815567017 0.443393137320579 0.23352774023538975 -0.19256477057933807 0.38555868965778595
-0.28756804111161777 0.17456109821796417 0.5460535031472956 -0.15731866497388675 0.03555775433778763 0.5357950594531055 0.059527446058039966 -0.10052674263715744 0.4853085621743306 0.2465918352748401 -0.18738898634910583 0.44842294455800324
-0.29018654094620927 0.17835059762001038 0.5500357633566192 -0.15618837256810958 0.04099283367395401 0.5528316733749286 0.06460621065641094 -0.09466487169265747 0.5226669477338116 0.25452078061325356 -0.1804995983839035 0.5050682920760524
-0.291778292652112 0.18192479014396667 0.5529023443568538 -0.15454590572711435 0.046692341566085815 0.5674036694529357 0.06876385597391783 -0.08773376047611237 0.5562958456767952 0.2600197320840401 -0.17220355570316315 0.5563227275748861
-0.2929032237824524 0.18541428446769714 0.5554911598382636 -0.15351487188911753 0.052141811698675156 0.5807829896884565 0.07092509121001063 -0.08071714639663696 0.5871938925191696 0.2623828647424257 -0.16356219351291656 0.6028003496140846
-0.2937769450412246 0.18878322839736938 0.558161681466137 -0.15260303240466092 0.057863496243953705 0.5935034425563049 0.07202544451894999 -0.07298597693443298 0.6156715912530706 0.26283999137450764 -0.15409380197525024 0.6450878948187126
-0.29426931230487285 0.19198840856552124 0.5606138148971425 -0.151935937428761 0.0635640025138855 0.6049358153946929 0.0720068934606321 -0.0652526244521141 0.6410496510860952 0.26180164884261636 -0.14468339085578918 0.682513413228017
-0.29484361518867286 0.19483032822608948 0.5627627767594786 -0.15171878201812045 0.06884266436100006 0.6148409196880035 0.07114067510772007 -0.05792241543531418 0.6629971117534071 0.25952609519324293 -0.1357177346944809 0.7149660169688836
-0.29512017139773017 0.1974649578332901 0.5647410446212929 -0.1510646069236559 0.07379832863807678 0.6234351914854851 0.07050580357186649 -0.05107709765434265 0.6818409157145541 0.25695123749048443 -0.12743166089057922 0.7430373031436606
-0.29528831317343546 0.19974999129772186 0.5662940225616241 -0.15067244012904799 0.07808775454759598 0.6306377667862629 0.06947658813579836 -0.04502372443675995 0.6977274502656509 0.25398608325449556 -0.11997661739587784 0.7665553608050969
-0.2954992774106858 0.20143234729766846 0.5674987098267809 -0.1507571099546727 0.08127444237470627 0.6365268847307483 0.06808307501543105 -0.04029972106218338 0.710747523449107 0.2509388050626292 -0.11388448625802994 0.7855113871153494
-0.29557578538296836 0.20264707505702972 0.5683160813825623 -0.15073440221275286 0.08365132659673691 0.6411207449487062 0.06701763563377813 -0.036644190549850464 0.7210234753608755 0.24863209277869008 -0.10918563604354858 0.8000396425019298
-0.2957718457613901 0.20327633619308472 0.5687769189782165 -0.1511691593631398 0.08519567549228668 0.6443047906867763 0.06578553556169199 -0.03390059992671013 0.728223650742711 0.2466682740549931 -0.10563330352306366 0.809930177868397
-0.2958620521957349 0.20365139842033386 0.5689470561864388 -0.151155090683396 0.08618246018886566 0.64525238853364 0.06559026868725772 -0.03209666162729263 0.7307270345770056 0.24617280062006086 -0.10327975451946259 0.8138410239845468
-0.2960130012828895 0.20379073917865753 0.5691749344389643 -0.1512410433872006 0.08654732257127762 0.6453744935710471 0.06563936810274361 -0.03137372061610222 0.7308612405428666 0.24620383844353835 -0.10228800773620605 0.8144068002690168
-0.29626028333846194 0.20369692146778107 0.568980661042107 -0.15138618603883008 0.08646444231271744 0.6446499549507823 0.06593339363349764 -0.031342893838882446 0.7291644481286719 0.2468312502633908 -0.10225029289722443 0.812069629896103
-0.2965330993793223 0.20337316393852234 0.5682197831855861 -0.151642967599103 0.08570414036512375 0.6425218080182641 0.06642541655124107 -0.032372236251831055 0.7247422730251742 0.24833123851100625 -0.10353024303913116 0.8051592634714512
-0.2965294552270564 0.20275849103927612 0.5675868330536121 -0.15157750254426633 0.08406245708465576 0.6387772225320982 0.06748560624257763 -0.03467266261577606 0.7171025897902287 0.25064064742520625 -0.1061825081706047 0.7943592608963291
-0.2963427928447188 0.20183825492858887 0.5668189668555675 -0.15142143610859496 0.08183159679174423 0.633881119638523 0.06890054387247987 -0.03771567344665527 0.7070163960673609 0.25363549518958267 -0.10973963886499405 0.7800290846929719
-0.29596315146858687 0.20055529475212097 0.5657973309417879 -0.15124530609286455 0.07898814976215363 0.6277405351833864 0.07078522427237205 -0.04182833433151245 0.6929110990976503 0.25734571024070907 -0.11478375643491745 0.7595596681731179
-0.29541515785919265 0.1993071585893631 0.5647666351875196 -0.1508366723218322 0.07618236541748047 0.6209715664595323 0.07288724838634394 -0.04608338698744774 0.6766628109325799 0.26129592881924063 -0.12016010284423828 0.7358338765558456
-0.2946438260195971 0.19790704548358917 0.563354115404933 -0.15033135480734128 0.07298628240823746 0.6126316117868967 0.07489827679460397 -0.050897687673568726 0.6572053764147067 0.2652515287687815 -0.126674622297287 0.7066918994229027
-0.29329807696134613 0.19602790474891663 0.5609997110433701 -0.1497173161338233 0.06896164268255234 0.6017540867478229 0.07666703318709492 -0.05654342472553253 0.6337680558100928 0.26867439086470324 -0.1338886022567749 0.672919072111312
-0.29190088223401467 0.1938670128583908 0.5578067428230442 -0.14972449202652435 0.06437388807535172 0.5884717023966123 0.07727741221498449 -0.06267394870519638 0.606326781978514 0.27058900423477955 -0.14143991470336914 0.6340208708805366
-0.2906359679441453 0.19147586822509766 0.5541825098107784 -0.15069113295543118 0.059729211032390594 0.5737469359916102 0.07627090200676193 -0.06853383779525757 0.5759453812254742 0.2703460490244921 -0.1487392634153366 0.5895485249600366
-0.2892264744882005 0.18915341794490814 0.5499226307820175 -0.1519403061746199 0.055495794862508774 0.5570165019394255 0.074001765839733 -0.07366153597831726 0.5420218293437842 0.26789003711248144 -0.1551191359758377 0.5400104682622464
-0.2869693765589987 0.18726924061775208 0.5458551118859157 -0.15238477258867814 0.05217701569199562 0.540135875192122 0.0710974382124282 -0.07765951752662659 0.5064763948361747 0.2635820084774229 -0.1600954234600067 0.4875478669250323
-0.2840987677424714 0.18539518117904663 0.5417297635890892 -0.1532765988855015 0.04919066280126572 0.5224597374012555 0.06611362060901343 -0.08073404431343079 0.46864057189087055 0.2557377387360719 -0.1637936234474182 0.4315975487136168
-0.28109155410814735 0.18369066715240479 0.5377451277524914 -0.1548865485292326 0.046961355954408646 0.5045847748706997 0.05865093153941546 -0.0821218267083168 0.4294252189712897 0.24374465811972404 -0.16529108583927155 0.3734026225999706
-0.2780228495633113 0.18235361576080322 0.5341973246326523 -0.15704760801226658 0.045730870217084885 0.48737413820111164 0.048502301554562366 -0.08162420988082886 0.3901986987228884 0.22691237277344087 -0.16446469724178314 0.314449060250006
-0.2745888994675287 0.1808968037366867 0.5306852156791818 -0.16008950272877234 0.04489508271217346 0.4700043359080829 0.03490392084097593 -0.08019709587097168 0.3506997905213105 0.20409919634952212 -0.16258551180362701 0.2549455407883084
-0.27109023108161145 0.17953409254550934 0.5258218850645063 -0.16526260819550517 0.04511088505387306 0.45015627065746494 0.01676471481866707 -0.07673871517181396 0.3091388907165967 0.17437145547300278 -0.15836447477340698 0.19386406475673837
-0.26736714974642845 0.1779520958662033 0.5214817670886072 -0.17116909059941238 0.045991670340299606 0.43191925645024876 -0.004263142293701033 -0.07107612490653992 0.269874801887615 0.1408407366514754 -0.15097676217556 0.13696332153003402
-0.2644925822409943 0.17618902027606964 0.5182377159761763 -0.1792395395561155 0.04734640568494797 0.4160816409519434 -0.029656795203715475 -0.06319651007652283 0.23388452700251627 0.10129502487842418 -0.14024324715137482 0.08452560095712301
-0.26255763359957884 0.17426566779613495 0.515844388655962 -0.18906856847617137 0.04939854517579079 0.4019376272723951 -0.059159783529639826 -0.05269315838813782 0.20070018531799577 0.05368394817295692 -0.12561526894569397 0.03506861894499876
-0.26154290763666077 0.17235249280929565 0.5140799483283817 -0.20071079136379605 0.0522819459438324 0.38954855193953936 -0.09277042926871511 -0.03965621069073677 0.17114864282407727 -0.0001755919569283237 -0.10728666931390762 -0.008998557838769204
-0.26120437213854825 0.17068882286548615 0.5126972488587719 -0.21467657325944176 0.05642159655690193 0.378878502295989 -0.13091272648154664 -0.023741351440548897 0.14582890896216127 -0.060899270202918535 -0.08509484678506851 -0.04673080204306093
-0.2612874225783617 0.16930106282234192 0.5116281023060582 -0.2297712630249039 0.06137024238705635 0.37028900407697013 -0.17150454358002443 -0.006001279689371586 0.1257911643231355 -0.1255869648324567 -0.060383979231119156 -0.07623652916744206
-0.26149943577053336 0.16807030141353607 0.5108315692420214 -0.24598473086889983 0.06724811345338821 0.36385793849848874 -0.2140326009595041 0.013590352609753609 0.11135337573642382 -0.19301496195483922 -0.033326584845781326 -0.09686750303238637
-0.2612507920481758 0.1673755943775177 0.5099223574881622 -0.26107569174409495 0.07414179295301437 0.3590823540722986 -0.2548824671061369 0.03510688617825508 0.1020729944510389 -0.25886798723855536 -0.0035347326193004847 -0.1090637034566093
-0.2612453248983493 0.16725744307041168 0.5090186192528423 -0.2760872745140974 0.08188929408788681 0.3560771398372599 -0.294669171548112 0.058254342526197433 0.0978787701272726 -0.3224421194638721 0.028866248205304146 -0.11321980466001655
-0.26163563150647207 0.16789478063583374 0.5090726739250511 -0.2919997201037653 0.09043168276548386 0.3563262795190486 -0.3343916019882919 0.081181101500988 0.09993707618063959 -0.3827979652306664 0.06061341241002083 -0.10907393127422284
-0.2625414398643228 0.16943566501140594 0.5093087417283423 -0.3066743325411742 0.09905407577753067 0.35732957809899907 -0.3700678295691959 0.10179555416107178 0.1045096160571207 -0.43691717321410867 0.08837827295064926 -0.10050642693584594
-0.263311373263515 0.17153485119342804 0.5099509019093804 -0.3207833971583457 0.10817026346921921 0.36014006479681837 -0.4040276323700456 0.12252136319875717 0.11318097452714722 -0.4891310244801807 0.11526211351156235 -0.0845798098355671
-0.2638622998105358 0.17361927032470703 0.5108681225625863 -0.33502739895213896 0.11802035570144653 0.36587046945179297 -0.43815467278063824 0.14518821239471436 0.12819654473065373 -0.5405669886242472 0.14524313807487488 -0.06068278150956341
-0.26603217434135906 0.17778457701206207 0.5142259728489921 -0.3607118622973088 0.1359873116016388 0.38163553789807036 -0.49763585171530683 0.18766559660434723 0.16697017249541424 -0.6320019247406586 0.20520810782909393 0.0011258808450666166
-0.2675032274551385 0.18014252185821533 0.5163488746730043 -0.3723656326713727 0.1446697860956192 0.3906737820362981 -0.5237473225479373 0.20641043782234192 0.18903369819060947 -0.6718900055386886 0.23103724420070648 0.03672184517748701
-0.2675032274551385 0.18014252185821533 0.5163488746730043 -0.3723656326713727 0.1446697860956192 0.3906737820362981 -0.5237473225479373 0.20641043782234192 0.18903369819060947 -0.6718900055386886 0.23103724420070648 0.03672184517748701
-0.26897622219438405 0.1825200468301773 0.5180884567676537 -0.38284360380166327 0.15312328934669495 0.3994796853215937 -0.5468383746429237 0.22353483736515045 0.21126451889310946 -0.7071451049055165 0.25374722480773926 0.07321661844349953
-0.27009749620646845 0.1846427321434021 0.5194823177855501 -0.3914192255223608 0.1608068346977234 0.407594384467793 -0.5656496180404387 0.23916107416152954 0.2325831674230067 -0.7362267118853795 0.27465251088142395 0.10908962674880424
-0.27086914998253037 0.18639160692691803 0.5205279975077682 -0.3985498154094189 0.1673351228237152 0.41486409329677987 -0.5812422469047536 0.25299134850502014 0.252761819383275 -0.7603027767732067 0.294294148683548 0.14401730971641435
-0.2714630131641406 0.18796411156654358 0.5213712181584588 -0.4044645809666638 0.17289267480373383 0.4213720583569233 -0.5940992162268841 0.2646680176258087 0.2713593124582554 -0.7799562635790911 0.3117314875125885 0.1771438960524821
-0.2717661179335856 0.1893559843301773 0.5222260518794398 -0.409047673864549 0.17756681144237518 0.4272865614234697 -0.6041302070332817 0.27411311864852905 0.28796395041498074 -0.7952515617282909 0.32627975940704346 0.20757031087476455
-0.272037195175276 0.19061161577701569 0.5232464883299357 -0.412656902587495 0.18143713474273682 0.43271926279547623 -0.6119272506268334 0.2815634310245514 0.3024298922274183 -0.8068437802558406 0.33778372406959534 0.2343683803545109
-0.27219445118137814 0.19176353514194489 0.5242110203830651 -0.415234806371438 0.18469156324863434 0.4373243059156885 -0.617445986834928 0.2876938283443451 0.31422608505285315 -0.8148293223313893 0.3472100794315338 0.25637125344771594
-0.2720186694162509 0.19272714853286743 0.5249237363607258 -0.4167944720804134 0.18701961636543274 0.44082359606672533 -0.6209915493759186 0.2921634316444397 0.3229412640679386 -0.8199866468637845 0.35439959168434143 0.27286414869875525
-0.27175322430000776 0.19338512420654297 0.5254864326067873 -0.41753267540451733 0.1882948875427246 0.4431985392081935 -0.6227420410635011 0.2948257625102997 0.32818919700324295 -0.8225092348303793 0.35936179757118225 0.2833002984942463
-0.27104157813455715 0.19353821873664856 0.5259933309589737 -0.4169389405392483 0.18830689787864685 0.4447362309511228 -0.622471303256731 0.2955769896507263 0.3311317307643119 -0.8223065832633271 0.36168816685676575 0.288277682048656
-0.2696044468189922 0.19248808920383453 0.5260280770983127 -0.41386561817770384 0.1858004927635193 0.44456081055660546 -0.6189818330044361 0.2929540276527405 0.33033341733627275 -0.818562857450719 0.35958659648895264 0.2866834507572832
-0.268340705828199 0.19113007187843323 0.52609393548771 -0.4100308482800691 0.1824578046798706 0.44335442289770055 -0.6138348290389044 0.28811147809028625 0.3249505242769952 -0.8126910434340745 0.3535335659980774 0.27646053616660005
-0.26711321511751124 0.19004948437213898 0.5259470226252659 -0.4061256798411534 0.1791330724954605 0.44036366612900707 -0.6079943060791853 0.28227517008781433 0.31597875455297375 -0.8058065364684718 0.34499895572662354 0.26030897230335726
-0.2670596839592526 0.18914483487606049 0.5264867300521081 -0.4041396478422865 0.17655795812606812 0.4384577095312789 -0.6037223150468524 0.27669239044189453 0.30729071173447403 -0.7999245672605647 0.33558395504951477 0.24269845950480912
-0.2665967831945156 0.18705463409423828 0.5262644463322705 -0.4011740202195591 0.17259462177753448 0.4350074244251238 -0.5977044609633864 0.2691541910171509 0.295864111859772 -0.7914971602590514 0.32349756360054016 0.22101175041860777
-0.26600238367047424 0.18479807674884796 0.5252485786489802 -0.396711757885337 0.1674768477678299 0.4288148721957274 -0.5882980365278199 0.2590610682964325 0.2797434215421016 -0.7786763643772546 0.30843180418014526 0.19362992197155066
-0.263388612240585 0.17823511362075806 0.5223365935985779 -0.384423620787893 0.15461303293704987 0.41441316175805565 -0.5630446195476783 0.2347705066204071 0.24361552412514148 -0.7432687413542721 0.27332672476768494 0.13321812661088445
-0.263388612240585 0.17823511362075806 0.5223365935985779 -0.384423620787893 0.15461303293704987 0.41441316175805565 -0.5630446195476783 0.2347705066204071 0.24361552412514148 -0.7432687413542721 0.27332672476768494 0.13321812661088445
-0.2619717132293297 0.17404723167419434 0.5207096180605473 -0.37712808056003544 0.14676399528980255 0.4068965314742058 -0.5478422542201518 0.22039642930030823 0.22484382481690005 -0.7210318374304541 0.25282683968544006 0.10171035026721006
-0.26154847115820745 0.1700296252965927 0.5195302257683991 -0.3687707656888389 0.1376366913318634 0.39914285996502036 -0.5286719472921041 0.2029523402452469 0.20494397328378042 -0.6932063856114499 0.2287387102842331 0.0688202075274607
-0.2616633972016263 0.16632919013500214 0.5185097725058062 -0.3600774213040526 0.12812985479831696 0.3915432547199435 -0.5077163598185345 0.1839464157819748 0.18536662697987785 -0.6630121520363013 0.20279081165790558 0.0370712590283959
-0.2613863987317059 0.16277575492858887 0.5167155480167028 -0.3490624998454184 0.11813773214817047 0.3828086536125501 -0.48256179513933894 0.16330216825008392 0.16500885312014849 -0.627040027682408 0.17448873817920685 0.004776850513930099
-0.2607608997308203 0.15935401618480682 0.5151727467868642 -0.33814646380046287 0.10883473604917526 0.37535022707596916 -0.4572571437938054 0.1433805525302887 0.1468009217005154 -0.5868991339693361 0.14592644572257996 -0.02580819105280032
-0.2600246114824234 0.15632501244544983 0.5136884830464188 -0.326552738525828 0.09984959661960602 0.36860254891365785 -0.42970056229280207 0.12310148030519485 0.13023080170028048 -0.5426866513726817 0.11697527766227722 -0.05357226375306412
-0.2606259179245607 0.15457916259765625 0.5125932853219458 -0.31242983545896363 0.08990159630775452 0.3631950617289426 -0.3947120070391728 0.09928378462791443 0.11662407578668718 -0.4893834260316862 0.08464109897613525 -0.07684260524731927
-0.26163168393218444 0.15351715683937073 0.5117172383871393 -0.2981405035523314 0.0804639384150505 0.35949251464287113 -0.35743917792763674 0.075312040746212 0.10679769961049129 -0.4316486093075175 0.05211235210299492 -0.09466393234096818
-0.26340722205982653 0.15329954028129578 0.5110992610448835 -0.2848678230441505 0.07196807116270065 0.35762248315522055 -0.31967423632916664 0.05188234522938728 0.10139436978955524 -0.37099609652971005 0.01996973343193531 -0.10593203245905167
-0.2659074975433459 0.15368542075157166 0.5104929234455314 -0.27249236508758423 0.06447093933820724 0.35735085194372307 -0.2816723207145662 0.029481392353773117 0.1005747974323824 -0.3083036412056169 -0.01106235757470131 -0.10985426830279141
-0.2686178718165596 0.15438631176948547 0.5102557616716625 -0.26000800913971756 0.057364460080862045 0.3596360075881571 -0.24282145874636554 0.007644218858331442 0.10571629379388078 -0.24357315647006114 -0.04109473526477814 -0.10435353752553395
-0.2707547701847356 0.15503056347370148 0.5107417046946162 -0.2482252389701058 0.05108349397778511 0.36347292203664433 -0.206697601917299 -0.011729984544217587 0.11413725222624668 -0.1822750501231339 -0.06772982329130173 -0.0923009072509687