-0.2048049159480842 0.0838625505566597 0.5606870080066324 -0.0542806973613539 -0.026545846834778786 0.5755927359526437 0.1869861634429087 -0.12584303319454193 0.5701229093779026 0.37935104316212953 -0.2251037061214447 0.5850905793841015
-0.2048049159480842 0.0838625505566597 0.5606870080066324 -0.0542806973613539 -0.026545846834778786 0.5755927359526437 0.1869861634429087 -0.12584303319454193 0.5701229093779026 0.37935104316212953 -0.2251037061214447 0.5850905793841015
-0.2046637071190231 0.0839029923081398 0.5606942098065665 -0.054134507733398195 -0.02653767727315426 0.5754763339120109 0.18710699396124936 -0.12589143216609955 0.5698131326369525 0.3794491169900607 -0.22520631551742554 0.5846504894994199
-0.2045229254056266 0.08391320705413818 0.560705382910446 -0.05399085835499061 -0.026559675112366676 0.5753625787709198 0.18722563975826156 -0.12596039474010468 0.5694944256202008 0.3795472564712702 -0.2253239005804062 0.5842008910789535
-0.2043760763100938 0.0839349776506424 0.5607167950930045 -0.053840073499684574 -0.026568150147795677 0.5752467639155904 0.18734996651559352 -0.1260184645652771 0.5691806506611848 0.3796565884876201 -0.22542443871498108 0.5837428310911909
-0.2042367514879268 0.08394747972488403 0.5607106652282038 -0.053699743242600025 -0.02658783458173275 0.5751087788186169 0.18746124364126293 -0.12608829140663147 0.5688458515312765 0.3797561072921169 -0.22554370760917664 0.5832314817773382
-0.20410395087166985 0.08395513892173767 0.5607119749552085 -0.05356271567203534 -0.02661261148750782 0.5749803142752934 0.18755979377642557 -0.12618839740753174 0.5685019049251042 0.379824501477055 -0.22571749985218048 0.5827320317115396
-0.20399578195887058 0.08396364748477936 0.5606661605654021 -0.053447269831684414 -0.026633266359567642 0.5748018845811655 0.18763985101804592 -0.12628202140331268 0.5680967781577992 0.3798652173475706 -0.22589141130447388 0.5821840503104003
-0.20389912844615002 0.08395358920097351 0.5606540310495707 -0.05334057325984901 -0.02665914036333561 0.5746818592066842 0.18771038470579487 -0.1263732612133026 0.5678000122086515 0.3798997343094153 -0.22606010735034943 0.581770694690645
-0.203840048809667 0.08395106345415115 0.5606981675277048 -0.05327294344206 -0.026667486876249313 0.5746395093321544 0.1877492237282438 -0.1264301836490631 0.5676394398451478 0.37991217745739236 -0.22616812586784363 0.581527237647999
-0.2038251746135119 0.08392766118049622 0.5606649003093531 -0.05327129578070545 -0.026721149682998657 0.5745307489919511 0.18772153822165272 -0.12654107809066772 0.5674338311692573 0.37986032248376034 -0.22632841765880585 0.5812426518125021
-0.2038198200843395 0.0839412584900856 0.5606512533969227 -0.05328385011402875 -0.026750588789582253 0.5744551958274748 0.18768137674771623 -0.12663933634757996 0.5672767818358413 0.37980378176788343 -0.22646954655647278 0.5809882877146647
-0.20383608135540726 0.08394555002450943 0.5606819441713776 -0.053320839785771026 -0.02678375504910946 0.5744385702208848 0.18761754196666966 -0.12673822045326233 0.5671795055681653 0.3797290611941764 -0.22661159932613373 0.5807688722494475
-0.20387050568311427 0.08396296203136444 0.5606610582454397 -0.05337523940735791 -0.02680540457367897 0.5743673829504068 0.1875399045368433 -0.12681333720684052 0.5670381602474923 0.37964663896762313 -0.22670839726924896 0.5805688195054447
-0.20393523870177566 0.08398541808128357 0.5606438862066341 -0.05346347116447777 -0.026821156963706017 0.5743231136083249 0.18743897042964344 -0.12685827910900116 0.5669083315392999 0.3795670193829671 -0.22670845687389374 0.58041305671538
-0.20399940206251038 0.08400242775678635 0.560646092619712 -0.05355223302722876 -0.02684326469898224 0.5742981251517699 0.18732030859565424 -0.1269371658563614 0.5667899749485592 0.37943290153407133 -0.22680236399173737 0.5802608364946935
-0.20404514302497806 0.08403263986110687 0.5606485570986862 -0.053622072812985214 -0.02685282938182354 0.5743062905608374 0.18720763058518625 -0.12704096734523773 0.5667921857373257 0.3792929943187016 -0.22695715725421906 0.5802156927273424
-0.20411331481735412 0.0840778574347496 0.5606338924074271 -0.05371821578845332 -0.026895741000771523 0.5743197818217313 0.18704093501572025 -0.12725064158439636 0.5668793624331758 0.37909703611653145 -0.22724662721157074 0.580247914465757
-0.20417148249607586 0.08414287865161896 0.5606164052365658 -0.0537963888858858 -0.026936814188957214 0.5743409110070786 0.18688315616241918 -0.12748733162879944 0.5669699032482322 0.3789041642978598 -0.22755971550941467 0.5803556273159833
-0.20427512827418534 0.08419185876846313 0.5606012861872879 -0.05393383202180035 -0.026973873376846313 0.5743742549192995 0.18669099310080794 -0.12766902148723602 0.5670561370286074 0.37867603964066987 -0.22778739035129547 0.5805521249944486
-0.20439280435008442 0.08420030027627945 0.5605782204902177 -0.05407918279574322 -0.027029888704419136 0.5743927155171464 0.18650835166830998 -0.12782619893550873 0.5671149716404386 0.37844918814247214 -0.22798967361450195 0.5807447264263423
-0.20445948991616864 0.0841987207531929 0.56055961861607 -0.05417133357730053 -0.027076350525021553 0.5743975851369734 0.18638398105730894 -0.12794563174247742 0.5671580920707082 0.37828607413894905 -0.2281484305858612 0.5808906833162241
-0.2045174278344861 0.08423900604248047 0.5605528629637181 -0.05426043845133061 -0.027092598378658295 0.5744200183737516 0.1862511233414381 -0.1280573159456253 0.5672564087865053 0.3781124951730344 -0.22831082344055176 0.5810793940820262
-0.2046200223393018 0.08425483107566833 0.5605670384859234 -0.05439537821727262 -0.027137035503983498 0.5744923598803204 0.18607113672281805 -0.1282035857439041 0.5674187007552243 0.37789311484736865 -0.22852259874343872 0.5812818734911912
-0.2047387815937062 0.08426008373498917 0.5605651194479035 -0.05454215808774059 -0.0271830502897501 0.5745577269474192 0.18586934615871598 -0.1283743679523468 0.5675419583492595 0.3776494229078249 -0.22877180576324463 0.5813958487698204
-0.204846047203111 0.08427171409130096 0.560564160238554 -0.05467328797620963 -0.027219893410801888 0.5746359116145815 0.1856751200880788 -0.12855267524719238 0.5676826418813228 0.37741588150370214 -0.229031041264534 0.5815222135996919
-0.20496303730285065 0.0842905342578888 0.5605655696058508 -0.054803293739471154 -0.027221959084272385 0.5747038439066837 0.18549877793189434 -0.12865698337554932 0.5677955910139257 0.3772022860905544 -0.2292076051235199 0.5816416114966516
-0.20509860580949435 0.08429182320833206 0.5605533031882146 -0.05494214401480433 -0.027241520583629608 0.5747581262212862 0.18531500798287173 -0.12877397239208221 0.567930380551937 0.3769881856843091 -0.2293742597103119 0.5818166146245062
-0.2052468224331524 0.08431339263916016 0.5605532587231744 -0.055092785521935965 -0.027249779552221298 0.5748281771548457 0.18512192615579282 -0.12887467443943024 0.5680866638310792 0.3767861379906761 -0.22947384417057037 0.5820213497761644
-0.2053930395337227 0.08434922248125076 0.5605458519656186 -0.055238513699534496 -0.027253340929746628 0.5748966892996074 0.18493488235340966 -0.12897634506225586 0.5682681363405998 0.37660224590796887 -0.2295593023300171 0.5822419970763552
-0.2055383038036575 0.08438354730606079 0.5605361361894012 -0.05537327992586313 -0.027229752391576767 0.5749436147357568 0.1847525241925691 -0.12904779613018036 0.5684360821130491 0.3763951927331799 -0.22965632379055023 0.5825395767645584
-0.2056910761835481 0.08436829596757889 0.560528088036536 -0.05551394637467438 -0.027251385152339935 0.5749857083396495 0.18457259335682352 -0.12914487719535828 0.5685582870722379 0.37616421167309977 -0.22981002926826477 0.5827935654228523
-0.2058618692344638 0.08434896916151047 0.5605177829400212 -0.05568380925087252 -0.027282314375042915 0.5750380172515661 0.18437771486407328 -0.1292247325181961 0.5686682154486071 0.37594381537772353 -0.22990739345550537 0.5829879363078256
-0.20598773533414205 0.08430550992488861 0.5605128398630924 -0.05580211633463259 -0.027339117601513863 0.5751027986888072 0.184232275035135 -0.129350483417511 0.5687904883663764 0.37577894118719835 -0.23005127906799316 0.5831520476969901
-0.20612215525516298 0.08427578955888748 0.5605107282520582 -0.05594051083311245 -0.027380211278796196 0.5751617290212709 0.18406216442415846 -0.129459410905838 0.5689146416316258 0.3755857156465767 -0.23018643260002136 0.5833204056527255
-0.20625200305513686 0.08424120396375656 0.5605024399983841 -0.0560563344601713 -0.02741876244544983 0.5752093775445489 0.1839191200598601 -0.1295500099658966 0.569034194966407 0.37542126086865235 -0.23029908537864685 0.5834875461875866
-0.20635406505584844 0.08419463783502579 0.560504036787151 -0.05614453699704213 -0.027467217296361923 0.5752770092456809 0.18380582406929877 -0.12964920699596405 0.5691696716518017 0.3752930465935213 -0.23041486740112305 0.5836626889255834
-0.2064305379789979 0.08416818082332611 0.5605116137324149 -0.05620980147420098 -0.02749454230070114 0.5753496080125855 0.18371398026059502 -0.12973161041736603 0.5693183011675799 0.3751824558989609 -0.23052217066287994 0.5838671603299933
-0.20652884524208104 0.08412680774927139 0.5605182708863327 -0.056298113072820996 -0.02753734402358532 0.5754122035837422 0.18360495803420204 -0.12981955707073212 0.5694580465215445 0.3750510172715268 -0.23064188659191132 0.5840584128329382
-0.20659746434968437 0.084126777946949 0.5605224755542073 -0.05635275243061277 -0.027538368478417397 0.575467254794316 0.18352621103423017 -0.12986360490322113 0.5695855180791809 0.37495064572005093 -0.2307063639163971 0.5842522419588059
-0.2066563225927911 0.08419126272201538 0.5605267682608931 -0.05639940057342024 -0.02747363969683647 0.5755192451107152 0.18345354056308355 -0.12984535098075867 0.5697050316190502 0.37484861284941834 -0.2307245284318924 0.5844253391716181
-0.20673155879824506 0.08426754921674728 0.5605391223445201 -0.05646465341367314 -0.027393188327550888 0.5755925031361787 0.18336778289245365 -0.12980689108371735 0.5698401988051228 0.37474875669113866 -0.2307053506374359 0.5845857043244518
-0.20679688760554424 0.08433151990175247 0.5605482264971494 -0.056520576922594684 -0.02732781693339348 0.575660485268463 0.1832880151069579 -0.12978890538215637 0.569964168994602 0.3746605268273383 -0.2306971698999405 0.5847435105881704
-0.20688229017034993 0.08442792296409607 0.5605520791440496 -0.05659193951293291 -0.02723260037600994 0.5757200965779304 0.18320560201993583 -0.12972578406333923 0.5700746203030295 0.3745704917965689 -0.2306312769651413 0.5849149196162106
-0.2069600352938045 0.08451886475086212 0.5605633729047041 -0.05665780731746696 -0.027139369398355484 0.575783845524851 0.18313122614121788 -0.12965434789657593 0.5701798007640934 0.37448773018764625 -0.23054872453212738 0.5850970866590774
-0.20705210898241425 0.08461803197860718 0.5605623253282535 -0.05673713457460359 -0.02703334204852581 0.5758333555600983 0.18304372931494983 -0.12956510484218597 0.570259702176612 0.3743891141080613 -0.23044763505458832 0.5852606734411089
-0.20714852826958546 0.0846826508641243 0.5605593364213988 -0.05680977156615461 -0.026930177584290504 0.575864669761765 0.1829687509441688 -0.12944932281970978 0.5703118120601243 0.37431132210226004 -0.230315700173378 0.585344667116285
-0.20724836957023182 0.08475279062986374 0.5605584973165251 -0.056884261616501064 -0.02682380937039852 0.5758941440830917 0.18289016531691535 -0.12933652102947235 0.5703571991775617 0.3742402302829808 -0.23018673062324524 0.5853780930776248
-0.20736857000382639 0.08480820059776306 0.5605539371959629 -0.05698168047949685 -0.02673487178981304 0.5759161389317661 0.18279053254009964 -0.1292332112789154 0.5703951540780238 0.37417042691692975 -0.23002542555332184 0.5854121718937619
-0.20748489842287268 0.08486039936542511 0.5605593546218542 -0.05707546050529359 -0.02664637193083763 0.5759482103178768 0.18270256719179293 -0.12912346422672272 0.5704376745491201 0.3740940935480898 -0.22988571226596832 0.5854621868890506
-0.2075676868602645 0.08492297679185867 0.5605853401632793 -0.05713338855737468 -0.026541108265519142 0.5760024910594976 0.1826489816314079 -0.128993958234787 0.5705029319958317 0.37404703590528254 -0.22973504662513733 0.5855396920199524
-0.20767569653031312 0.08495769649744034 0.5605846739764895 -0.05722138467285131 -0.026478491723537445 0.5760432136387471 0.18255514310043558 -0.12893396615982056 0.5705774238609699 0.3739525445605773 -0.22966116666793823 0.5856483537316833
-0.20775223117129066 0.08500417321920395 0.5605843467322271 -0.057277630049960775 -0.026412341743707657 0.5760778370359517 0.18249157302912944 -0.12887883186340332 0.5706501729483722 0.37388261235003234 -0.22959841787815094 0.5857695463282654
-0.2077910845145206 0.0850590392947197 0.5605789849886776 -0.05729633936671707 -0.026341861113905907 0.5760943083641302 0.18245925774622565 -0.12882967293262482 0.5707218651483764 0.37385628177839686 -0.22951659560203552 0.5858940086898018
-0.20780895631671023 0.08512657880783081 0.5605831439976269 -0.057294063473913776 -0.026258930563926697 0.5761223352875524 0.18244290178153982 -0.12877018749713898 0.5708138223956729 0.3738423578577223 -0.2294350266456604 0.5860310607555779
-0.207804328759652 0.08515970408916473 0.5605943853474823 -0.05726641994361781 -0.02620861306786537 0.5761627853065793 0.18244554467337 -0.12876006960868835 0.5709093201419612 0.37382953944888864 -0.22943831980228424 0.5861752120306988
-0.20781415585187826 0.0852091908454895 0.5606196630606018 -0.05725644736212841 -0.026146462187170982 0.5762279368425409 0.18242806679846138 -0.12874512374401093 0.5710139235105739 0.37378179512500626 -0.22946017980575562 0.5863451071013498
-0.20780040386805268 0.08528206497430801 0.5606491269653304 -0.057220828095229354 -0.02606675960123539 0.5763012278405001 0.18243454756515315 -0.12871979176998138 0.5711433911108538 0.3737572671987522 -0.22946949303150177 0.5865564955644542
-0.20778410362649044 0.08540205657482147 0.5606667295144239 -0.05718230054671364 -0.025944633409380913 0.5763586203880363 0.1824457576663772 -0.1286517232656479 0.5712391103549124 0.37373866525008564 -0.2294352650642395 0.5867149139181822
-0.20778650871156817 0.08549106121063232 0.5606768084094157 -0.05716820152812347 -0.025861622765660286 0.5764091184792927 0.1824284967494621 -0.12862655520439148 0.5713336800621583 0.3736941860282999 -0.22944702208042145 0.5868601458986695
-0.20780367143959635 0.08558350801467896 0.5606862961338709 -0.057171872727352135 -0.025778068229556084 0.5764780860514024 0.18238956989704716 -0.12861543893814087 0.5714495450921371 0.3736144453136292 -0.22949528694152832 0.5870207398009668
-0.20783220725302914 0.0856819897890091 0.5607111707022503 -0.05719663244258503 -0.025691356509923935 0.5765660664614438 0.18232093511858222 -0.12860853970050812 0.5715910184480506 0.3734841319238497 -0.22958479821681976 0.587203355673626
-0.20786764162668214 0.08576980978250504 0.5607320224512423 -0.05722905799910759 -0.025608833879232407 0.5766451090439288 0.1822581982808088 -0.12858876585960388 0.5717236802002023 0.3733813560295844 -0.22963137924671173 0.5873635814773599
-0.20790784100030832 0.0859028548002243 0.5607460487240683 -0.05726423883060514 -0.025480106472969055 0.576715350249745 0.1821871638187199 -0.12853175401687622 0.5718529130788621 0.3732690024845542 -0.22963584959506989 0.5875515006733536
-0.20798404774413515 0.08600905537605286 0.5607593938030376 -0.05734688831146815 -0.025380106642842293 0.5767836541106746 0.18207206808502166 -0.1284961998462677 0.5719759631562024 0.37311363817273674 -0.22966396808624268 0.5877311760695808
-0.20806713439294688 0.08614853024482727 0.5607717096548229 -0.05743724360086579 -0.025251515209674835 0.5768533088622577 0.18195078190657762 -0.12842988967895508 0.5721004985608416 0.3729534484860409 -0.22965426743030548 0.5879116201539
-0.2081588772747774 0.08626911789178848 0.5607782311078656 -0.05753794130405497 -0.025146903470158577 0.5769177376892205 0.18182109087632864 -0.128391295671463 0.572217586383386 0.3727908654087271 -0.22966168820858002 0.5880684549579311
-0.20830671506779114 0.08657243102788925 0.5607619441127574 -0.05770268861093722 -0.02490600012242794 0.5769998214172053 0.18158032263820945 -0.12831777334213257 0.5724680738600462 0.3724984547983632 -0.22965803742408752 0.5884290718143326
-0.20834981580570133 0.08663282543420792 0.5607464518431342 -0.05775178115391508 -0.024870751425623894 0.5770012704932524 0.18150716742566841 -0.12833628058433533 0.572540271788109 0.3724166041735205 -0.22968116402626038 0.588561174808532
-0.208390475084372 0.08669756352901459 0.5607233372939764 -0.05779993289251814 -0.024828089401125908 0.5769948444805455 0.18143696936028583 -0.12834209203720093 0.5726019012490908 0.3723385854102617 -0.22968733310699463 0.588692241458124
-0.2084667527972231 0.08677690476179123 0.5606749224932671 -0.05789118281807811 -0.024794332683086395 0.5769841162696168 0.18131444656484852 -0.12838114798069 0.5727049645147788 0.37218902816907673 -0.22974586486816406 0.588925508998773
-0.20854356011573894 0.08681819587945938 0.5606348381323233 -0.05798196067901452 -0.02477848343551159 0.576974148003184 0.1812025930814059 -0.12840649485588074 0.5727816878493791 0.3720556762108754 -0.22977638244628906 0.5891228149884868
-0.20861087339066683 0.08685582876205444 0.560616060893023 -0.058079697675201034 -0.02477845549583435 0.57699844833944 0.18107071121584864 -0.12846620380878448 0.572871534198111 0.3719012540684395 -0.22986328601837158 0.5892419573225081
-0.20869070833662212 0.08688086271286011 0.5606025156910447 -0.05820314348540702 -0.02479405701160431 0.5770251951595654 0.1809131467951484 -0.1285519152879715 0.5729738224305038 0.3717194640621497 -0.22999221086502075 0.5893610054067848
-0.20875350367310438 0.08688710629940033 0.560590482170916 -0.05829390581461003 -0.02483176626265049 0.5770622615236738 0.1807899583723782 -0.12866774201393127 0.5730921453629736 0.3715762668711871 -0.230147585272789 0.5894952655144091
-0.20885902017075908 0.08688485622406006 0.5605817794211566 -0.05842069927916231 -0.02486051246523857 0.5771118091092194 0.18062876548101017 -0.12876629829406738 0.573212063315987 0.3713841804523984 -0.2302941381931305 0.5896551675878356
-0.20895130398347259 0.08689475059509277 0.5605691044870887 -0.058535057790863 -0.024875085800886154 0.577157792449001 0.1804832333345826 -0.1288507729768753 0.5733191888415573 0.37120125158543105 -0.2304277867078781 0.5898187543401048
-0.20903426117596666 0.08693192154169083 0.5605516321292738 -0.05864343591478684 -0.024867350235581398 0.5771795331034741 0.18034295098166314 -0.1289135366678238 0.573392432667587 0.3710250723165301 -0.23054687678813934 0.5899160401724992
-0.20906982893400367 0.086960569024086 0.5605390820259254 -0.05871023115575777 -0.024882499128580093 0.5771880882891238 0.1802307950006818 -0.12902426719665527 0.5734516562526977 0.3708689955769359 -0.2307242602109909 0.5900113395751343
-0.20912937398887638 0.08704610913991928 0.5604986740987064 -0.05880461187387668 -0.02484176680445671 0.5771539845724548 0.18008680933594948 -0.12907971441745758 0.573408304857402 0.3706829998208907 -0.23084357380867004 0.5899633038028949
-0.20915421085136032 0.08712314814329147 0.5604899482545804 -0.058856597895243425 -0.02480561099946499 0.5771679824425515 0.17998792703586414 -0.12914367020130157 0.5734141929315514 0.3705501404411907 -0.23096883296966553 0.5899405665923643
-0.20917612803380425 0.08721686154603958 0.560490636759881 -0.05890452622111415 -0.024742333218455315 0.5771902390083572 0.17989557177299342 -0.12917080521583557 0.5734195231206142 0.37042412314868883 -0.23106063902378082 0.589917598640364
-0.20920104331841002 0.08734548836946487 0.5604650892714677 -0.058969555060400865 -0.024693964049220085 0.5771822558921472 0.17973043643513145 -0.12933038175106049 0.5733786636443592 0.37016618934720547 -0.23137634992599487 0.5898538459859494
-0.20919234574995718 0.08741264045238495 0.560444618128784 -0.05895658844161117 -0.02463865466415882 0.577151272830122 0.17970398387504374 -0.12935538589954376 0.5733267704056011 0.37010035105167505 -0.23146343231201172 0.5897906197364269
-0.20916808772565623 0.08751262724399567 0.5604477276176684 -0.05892605008550735 -0.024550264701247215 0.5771418347985017 0.1796933187446605 -0.12934167683124542 0.5732948876099403 0.3700572389997358 -0.2315009981393814 0.5897457456398622
-0.2091289096448703 0.08761871606111526 0.5604349271924389 -0.05888097628892401 -0.024462664499878883 0.5771169912799615 0.1797008472555834 -0.12932267785072327 0.5732449319302243 0.370055393493166 -0.23151300847530365 0.5896205189397955
-0.2090716793570892 0.08774859458208084 0.5604351574824813 -0.058816972874507906 -0.02434730716049671 0.5771017856697189 0.17973716755318364 -0.1292652040719986 0.573200941344049 0.37009179706965295 -0.23147271573543549 0.5895025750544253
-0.20901587934108323 0.08787446469068527 0.5604501607320885 -0.058753722968874295 -0.024233637377619743 0.5771003957999377 0.17977634676049373 -0.12920227646827698 0.5731601364866585 0.3701262377919367 -0.23142407834529877 0.5894249678625157
-0.20897306148678946 0.08797112107276917 0.5604509674132451 -0.05870249775241122 -0.02415372058749199 0.5770968022146242 0.17979408232461647 -0.1291922926902771 0.5731194039187806 0.3701246244966451 -0.2314419150352478 0.5893804243898989
-0.20892387647223382 0.08807974308729172 0.5604440812151975 -0.058640542373068275 -0.024054909124970436 0.5770771065218462 0.17982810301509156 -0.1291469931602478 0.5730620447975815 0.3701450734738305 -0.23140673339366913 0.5893330510889764
-0.2088884388382839 0.08818242698907852 0.5604383689576283 -0.0586008430779265 -0.023983918130397797 0.5770580094296992 0.1798205606385634 -0.12915842235088348 0.5730293619420037 0.37011234710798124 -0.2314479649066925 0.5892908336899831
-0.2088383920124157 0.08831963688135147 0.5604369447027661 -0.05854648683393258 -0.02386774681508541 0.5770388363487541 0.17983465210949207 -0.12911668419837952 0.5729767572080857 0.3701103034105446 -0.23145289719104767 0.5891600842428335
-0.20880037416695582 0.08843106776475906 0.5604402576459531 -0.05850160289797185 -0.023769080638885498 0.5770264822840405 0.17984431843321336 -0.12908370792865753 0.5729333939316371 0.37009917082870103 -0.23146656155586243 0.5890720910739164
-0.2088087523769282 0.08854617923498154 0.5604611759919728 -0.05850110956642357 -0.023659227415919304 0.5770437596085384 0.17982269353842484 -0.1290186047554016 0.5728979059274556 0.3700642844174202 -0.2314353734254837 0.5889783404026724
-0.2088009670795325 0.0886346697807312 0.5604659955438456 -0.0584777359795908 -0.02355736307799816 0.5770220173939479 0.1798428862252647 -0.12892022728919983 0.572792885179256 0.37008761699878534 -0.23133286833763123 0.5888090920467687
-0.2088238288486645 0.08880313485860825 0.5604517004022156 -0.05849310173150563 -0.023374032229185104 0.5769668591789567 0.17978264589447465 -0.12880781292915344 0.5726028187105925 0.37000783019954925 -0.2312503308057785 0.588513231922886
-0.2088238288486645 0.08880313485860825 0.5604517004022156 -0.05849310173150563 -0.023374032229185104 0.5769668591789567 0.17978264589447465 -0.12880781292915344 0.5726028187105925 0.37000783019954925 -0.2312503308057785 0.588513231922886
-0.20886557364101788 0.08888193219900131 0.5604399785897007 -0.05852305080614542 -0.023296717554330826 0.5769348812396704 0.17972542470482067 -0.1287716180086136 0.572523063537179 0.36993607911665677 -0.23123838007450104 0.588380068173143
-0.20888833492703698 0.0889602079987526 0.5604365231751353 -0.058533445802265285 -0.023216314613819122 0.5769154090291432 0.17969016515907205 -0.12873201072216034 0.5724537538092449 0.36989086751727157 -0.23121902346611023 0.5882556616393508
-0.20892558860180352 0.08905115723609924 0.5604328591547231 -0.05855276986207943 -0.02310941368341446 0.5768906567641876 0.1796513946881147 -0.12865346670150757 0.5723624709816663 0.36984014942741855 -0.23116542398929596 0.588095521572988