-0.2687605627798291 0.0067446352913975716 0.5298156377689228 -0.16301878095875075 -0.06808577477931976 0.4191738727207962 -0.021029760809076356 -0.049413178116083145 0.20280491316847127 0.061084961942865855 0.006138588767498732 0.01673882927818681
-0.26739017995528763 0.004905013833194971 0.5274838836609603 -0.1707662852313156 -0.07485124468803406 0.4087886314043805 -0.04473180139709079 -0.07323244959115982 0.17898638937975656 0.027228090416952212 -0.042546890676021576 -0.019983754774747196
-0.2659882971679755 0.0032365303486585617 0.5255433972208224 -0.18175891707254954 -0.08321615308523178 0.39975388094530606 -0.07690651886610338 -0.10066618025302887 0.15896438400983237 -0.01749328663528068 -0.09426586329936981 -0.04871046268384371
-0.2647932515109366 0.00180282280780375 0.5243594129616893 -0.19358524363829344 -0.09196993708610535 0.3937711446042624 -0.11562824380438845 -0.129705548286438 0.14743919807088018 -0.07573298996926385 -0.14753492176532745 -0.06331217385179283
-0.2643577427936282 0.00025798502610996366 0.5240980179856816 -0.2064677996936416 -0.1014532595872879 0.3906211477499351 -0.15553353166123682 -0.15679241716861725 0.14194333539414764 -0.13588344733127372 -0.19418077170848846 -0.06865127587776618
-0.26544684880772346 -0.0016470281407237053 0.523881121246388 -0.2201011973771208 -0.1105332300066948 0.38835053011318443 -0.19426362748945022 -0.17919954657554626 0.13954473009559334 -0.1951923588273752 -0.231244295835495 -0.06869433285788462
-0.267381623592695 -0.0032830340787768364 0.5245196329895505 -0.2350648879951792 -0.11964508891105652 0.38908517776497625 -0.23385818136861192 -0.20007479190826416 0.14266468540581492 -0.25426254880332066 -0.26405632495880127 -0.0611810812425667
-0.2695065656233736 -0.0040033115074038506 0.526010371816637 -0.2531857942632475 -0.12953311204910278 0.3944688574040034 -0.27949339832270714 -0.2221696674823761 0.15471807033040733 -0.31887062021066154 -0.29702597856521606 -0.042422907397628024
-0.27262626051557676 -0.0038791089318692684 0.5277804497940152 -0.27226689555227945 -0.13773232698440552 0.4019111952894402 -0.3243396694296725 -0.24234379827976227 0.17209525896968253 -0.38221839238760186 -0.32886213064193726 -0.014878089373411466
-0.2765868088203196 -0.003219786798581481 0.5296844090079875 -0.29138217904514 -0.14428770542144775 0.41066728215162146 -0.36531130235689213 -0.25938722491264343 0.1908714752336766 -0.4395778885132888 -0.35646852850914 0.01463049456974707
-0.28088691779687786 -0.0023055875208228827 0.5315518410944033 -0.30854642929066134 -0.1490800678730011 0.4189816731509601 -0.4015534383995818 -0.272122859954834 0.2095098445749976 -0.4904888291461392 -0.37732434272766113 0.04390600116636103
-0.28487479786007847 -0.0009366986341774464 0.533264584314032 -0.3228273325127663 -0.1521565169095993 0.42644026803919766 -0.43413357331624597 -0.2802236080169678 0.23017655055680705 -0.5385571198579051 -0.39102980494499207 0.07887585357481165
-0.28836098777477287 0.0012541457545012236 0.5350447535937273 -0.3356679530271284 -0.15371932089328766 0.4347811753378386 -0.4632186064032803 -0.2862219512462616 0.2526406789584651 -0.582390193066766 -0.40155068039894104 0.11859439954756756
-0.2910256964133702 0.004178323782980442 0.5367360570819961 -0.34960864253424434 -0.1540999561548233 0.4481574865463476 -0.4952864545629968 -0.28986138105392456 0.2851238617385588 -0.6272074613640154 -0.4073745906352997 0.16731377576097342
-0.2939240443912059 0.007595956325531006 0.5387554929558627 -0.36243793300928695 -0.15290452539920807 0.4620715529018536 -0.523198052422772 -0.29068121314048767 0.31698851989465254 -0.6657848250826559 -0.4090437591075897 0.21412656459745721
-0.29681837749513024 0.011192914098501205 0.5408350639173689 -0.3738749919191652 -0.15078707039356232 0.4754744225787109 -0.5472617000551643 -0.28946453332901 0.34719402298425645 -0.6986215717152906 -0.40779921412467957 0.2581673043080156
-0.2997926069716941 0.015086266212165356 0.5430830538472966 -0.3838977448011546 -0.14780327677726746 0.4879695578152087 -0.5673370572701754 -0.2868326008319855 0.3743736281069163 -0.7257599015441486 -0.40466588735580444 0.29780183976987584
-0.3025873874630776 0.019681358709931374 0.5449997793381831 -0.39211570121788464 -0.14361242949962616 0.49954770954742805 -0.5837533999761465 -0.2823488712310791 0.3991905174058182 -0.7479770242441778 -0.39902836084365845 0.3334203030810363
-0.30437442304963114 0.024282779544591904 0.5466800857209086 -0.39802689324686386 -0.1389097273349762 0.5112174722409472 -0.596436134912381 -0.2771467864513397 0.42411837012754444 -0.7652777313242299 -0.3926973044872284 0.36750557702711645
-0.3054669968726176 0.02868743985891342 0.5480247922231519 -0.4022453085991601 -0.13424651324748993 0.5211210751279904 -0.6058919834807897 -0.27203547954559326 0.445676171752619 -0.7784021897585545 -0.38660871982574463 0.39708808273669305
-0.3055627701714301 0.032716888934373856 0.5491191835095597 -0.40480452540943623 -0.12995444238185883 0.5297685368495801 -0.6125069853397382 -0.2673654556274414 0.46481384229998557 -0.7873992307598489 -0.381450891494751 0.4237677648332195
-0.3053425491694179 0.03612503409385681 0.5498859269763167 -0.4068345319603025 -0.12616555392742157 0.5369773313673496 -0.6177938083035242 -0.26313480734825134 0.4811260549515718 -0.7942919329653213 -0.37705668807029724 0.44659684481329187
-0.3050157011037723 0.03894269838929176 0.5502274613087086 -0.4080030690874741 -0.12313763797283173 0.5425079601510939 -0.6211789613863726 -0.260086327791214 0.4944233151603121 -0.7986005103194997 -0.3742698132991791 0.46541817545245623
-0.3048979988819415 0.04130447283387184 0.5505198635112061 -0.4088213162336875 -0.12064269185066223 0.5469925079483341 -0.6233496417707809 -0.25799477100372314 0.5050888407033839 -0.8011993866781647 -0.3727683126926422 0.4803943144555031
-0.3049771637947172 0.04273589327931404 0.5508719326376401 -0.4096670114908378 -0.11918160319328308 0.5505720130540694 -0.6249664384959354 -0.2572607100009918 0.5134035519566176 -0.802876176658224 -0.3729003369808197 0.49185056305974606
-0.3045626352712684 0.04360557720065117 0.5511714597733531 -0.4094163980805713 -0.11840404570102692 0.553331629586572 -0.6249883558853149 -0.2573133409023285 0.5193919445037739 -0.8026769805775403 -0.3739335834980011 0.49979962102731346
-0.3041587828229905 0.044186100363731384 0.551348507284308 -0.4086220607972156 -0.1183297336101532 0.5541503833110909 -0.623456490585674 -0.258913516998291 0.5214006780967447 -0.8004455716499247 -0.37707871198654175 0.5030841842419969
-0.30355830332966927 0.04436253383755684 0.5515006328817507 -0.4073136537080252 -0.11890465766191483 0.553809052278518 -0.6208232517009006 -0.2615073621273041 0.520342668592109 -0.796629999452448 -0.3816133439540863 0.5018975755536206
-0.3027560357640712 0.044260185211896896 0.5515457169636652 -0.4054319348375016 -0.1199093908071518 0.5524270046699801 -0.6170174494613795 -0.26490315794944763 0.5162977136215462 -0.7910783164198101 -0.38735392689704895 0.4958241116348523
-0.3017194643358213 0.04387648031115532 0.5515098017868549 -0.4029020620862716 -0.12133331596851349 0.550159220404857 -0.611944532419392 -0.2690427005290985 0.5095915262466982 -0.7839827602710304 -0.39395132660865784 0.48581726255676067
-0.30058548522883133 0.0429818220436573 0.5514530875440268 -0.39979327466484194 -0.1234348863363266 0.5468600727623782 -0.6055442722783135 -0.274071604013443 0.5001866649646577 -0.7751124801408298 -0.40154358744621277 0.47177525787496405
-0.29968191870311206 0.04187362268567085 0.5513095709078009 -0.3964803254848583 -0.1257939487695694 0.5425371252776612 -0.5982200736036748 -0.2793770730495453 0.4884281551996911 -0.7646469884408024 -0.4094840884208679 0.45390782391291107
-0.29885173967215195 0.04065702110528946 0.5510899511853934 -0.3927654675158125 -0.12819209694862366 0.5372337715654907 -0.5897215649424954 -0.28460511565208435 0.47440361259170327 -0.7526330175454861 -0.417268842458725 0.43333730904415085
-0.29825685988998174 0.03921482339501381 0.5507059035656713 -0.38909077472947096 -0.1306714415550232 0.5308800355845968 -0.5804164195214851 -0.2897491455078125 0.4581018410024252 -0.7390730592287458 -0.4250408411026001 0.4097208256426734
-0.2976431611673578 0.03759967163205147 0.5503859372922828 -0.3851669377445073 -0.13286741077899933 0.5241515520709066 -0.5706733018930378 -0.29395970702171326 0.44125223548532727 -0.7246767810313545 -0.4317052662372589 0.38513560752651327
-0.29650837638640326 0.03522200137376785 0.5502747814298228 -0.38123521691095075 -0.135700523853302 0.5178383906346429 -0.5609084087100252 -0.29865849018096924 0.42486202899942926 -0.7095093516816883 -0.4387206733226776 0.36015974974530274
-0.2949617731575734 0.03156834840774536 0.5492814561189627 -0.3769306412566835 -0.13966763019561768 0.5092353074226672 -0.5489644891639417 -0.3040686547756195 0.4040417258655463 -0.6903418070297676 -0.44590267539024353 0.3286417516092076
-0.2933936736851073 0.02707664854824543 0.547743650293931 -0.37052039329763586 -0.14368557929992676 0.49800463488528735 -0.5324696433008597 -0.3079477846622467 0.37848429544601053 -0.6666153718021594 -0.45063063502311707 0.2925288812911697
-0.2911453555006412 0.022200584411621094 0.546048497236737 -0.36319566239010587 -0.14804568886756897 0.4873898104093868 -0.5151068285075374 -0.3116922974586487 0.35406600524953236 -0.6417223592962173 -0.4543887674808502 0.257452480533263
-0.28843244224194975 0.017177721485495567 0.543683317774265 -0.3543393287244721 -0.1524120569229126 0.47563474218083346 -0.4961111104020827 -0.314969927072525 0.32944374934910464 -0.6159518111316794 -0.45742419362068176 0.2233932197769256
-0.28664170061053384 0.011729364283382893 0.540793340937611 -0.34337771489800806 -0.15530017018318176 0.4614116397672596 -0.4696839699356111 -0.31373295187950134 0.2989028841169388 -0.5791997829110695 -0.4530928432941437 0.17894066805243017
-0.2851723253604307 0.006597773637622595 0.5379792724471799 -0.332132432479 -0.15646320581436157 0.44778779613562086 -0.44174996697929003 -0.30887994170188904 0.269138668633105 -0.5396729737476028 -0.443604439496994 0.13478963395717208
-0.2830979909217611 0.0016556760529056191 0.5351552049455677 -0.3190918501997279 -0.15624167025089264 0.43460285033952073 -0.4107967182066298 -0.3006298542022705 0.240371113806929 -0.49610175392276956 -0.42912888526916504 0.09190936022971702
-0.2801183245105699 -0.0028245067223906517 0.5322500097242372 -0.3038569513496316 -0.1541988104581833 0.42196661092632304 -0.3767878178058196 -0.28858375549316406 0.21340159353212823 -0.44901916341061426 -0.40953969955444336 0.05190950012121294
-0.2767514255458662 -0.006652608513832092 0.5294732944759445 -0.28716193391175204 -0.14997422695159912 0.41028283936280807 -0.34070477902197693 -0.27238693833351135 0.18910266605280074 -0.3997995506136815 -0.38482001423835754 0.016067916307311136
-0.27318135438432656 -0.009490524418652058 0.5269224835988311 -0.26974157696763224 -0.14355091750621796 0.40020534159290005 -0.30508301016763717 -0.25332173705101013 0.16906863315065798 -0.35252750086012397 -0.3573189973831177 -0.013794324807255343
-0.2697361028904894 -0.01168124284595251 0.5250398886701246 -0.25260459437429117 -0.13543406128883362 0.39281986173176114 -0.26982362967705337 -0.2315269112586975 0.15385193208548617 -0.30551221749687857 -0.32650938630104065 -0.03745085091614204
-0.26706908512054717 -0.013541460037231445 0.5241643322775239 -0.2363494386161208 -0.12604200839996338 0.38900634322714417 -0.23095737933502886 -0.2058628797531128 0.1438081393314311 -0.25014520744860824 -0.2893989682197571 -0.054943499405697274
-0.2650756979375066 -0.014610066078603268 0.5239547983612471 -0.22102214112713825 -0.11541549116373062 0.38822451730167057 -0.1919042032861305 -0.17779003083705902 0.13968690912878198 -0.19270777458384772 -0.24788124859333038 -0.06496929423883263
-0.2634832129894986 -0.014943347312510014 0.5243102995713804 -0.2066387305718213 -0.1041932925581932 0.3904805315613325 -0.1534497580828063 -0.14812210202217102 0.14173380178366954 -0.13478980371761745 -0.20201359689235687 -0.06685003381358161
-0.2618306285889072 -0.014589277096092701 0.5251916697823004 -0.19291865474877978 -0.09288628399372101 0.3951211528428073 -0.11556672670384603 -0.11723767966032028 0.14940811438814694 -0.07694157894195286 -0.15118937194347382 -0.06037165417830297
-0.2601297282848748 -0.01369810476899147 0.5264771090225269 -0.18037163169012735 -0.08248540014028549 0.40097490620858994 -0.08106817602258598 -0.08574581146240234 0.16094901123182037 -0.022725412652567493 -0.0935298278927803 -0.04621023829451516
-0.2593760490372901 -0.012358017265796661 0.5280192366371339 -0.17046659018752217 -0.07511169463396072 0.4081610918490744 -0.05127361119614906 -0.05592411756515503 0.17686115596425914 0.023986053469621755 -0.03154730051755905 -0.022251928498265024
-0.2597442530360087 -0.011460771784186363 0.5293210349663617 -0.16038657255291594 -0.06807369738817215 0.41590921811859144 -0.022394646442347604 -0.02476269006729126 0.19791048971319808 0.06475433103501371 0.03356321156024933 0.012938094471701592
-0.2604009855623132 -0.010412503033876419 0.531149966745452 -0.15169609639240142 -0.062027379870414734 0.4259645105024717 0.0018908574249782255 0.0029773360583931208 0.22489452980129299 0.09616101178895345 0.09108027815818787 0.05793208735624484
-0.26043419514489197 -0.008409573696553707 0.533903432426886 -0.14159228301215682 -0.05525952950119972 0.4383585634620156 0.02312410081917568 0.027557240799069405 0.25521908439972524 0.11949158212896852 0.1391591876745224 0.1058876876196591
-0.2613332368138835 -0.005946240853518248 0.5364787781662742 -0.13331838408680347 -0.04841616377234459 0.45111685512136307 0.03973719697794648 0.049713149666786194 0.28629886436074026 0.1350084452767109 0.1803721934556961 0.15380106341043337
-0.26242735119321653 -0.0031847937498241663 0.5396904963198773 -0.12607629203505014 -0.041055500507354736 0.46438860887233024 0.05297967797563968 0.07083360105752945 0.31796777420190175 0.14574971698022704 0.2183893322944641 0.20362120382942317
-0.26358307591500085 -0.00019488611724227667 0.5436115224600888 -0.12016319570724468 -0.03391699865460396 0.47925411710910487 0.06309613027251235 0.08993104845285416 0.3523545843623996 0.15193705091742687 0.25258398056030273 0.2580034901988327
-0.26483310428114054 0.002434291411191225 0.5466870383552778 -0.11556261127987 -0.026268333196640015 0.4946261061823846 0.07085691160729145 0.10850904136896133 0.38994812456473404 0.1553698791247402 0.28334522247314453 0.3166340415541063
-0.2659194153344343 0.005789435934275389 0.5500104496566158 -0.11122470875171932 -0.017407042905688286 0.5101814443339193 0.07712640639643886 0.12582926452159882 0.4269594067185618 0.157576416434243 0.30957555770874023 0.37441034547370994
-0.2670754867160119 0.010276945307850838 0.5547264027541057 -0.10816570149055409 -0.006983803119510412 0.5279235854746642 0.08087498815234467 0.14258170127868652 0.46510583243987114 0.15755448486719098 0.33245959877967834 0.4326783512578816
-0.2681633425822352 0.015756281092762947 0.5595905844979467 -0.10558526410817726 0.004983166698366404 0.5447283216740808 0.0825377301227872 0.1593964397907257 0.5003553194368193 0.15475184068001 0.3532765805721283 0.4869990865037695
-0.26906560906495786 0.021608812734484673 0.5633698390258984 -0.10325114261514132 0.01683322712779045 0.5581532349868031 0.08258435340738787 0.17483921349048615 0.5295428409304049 0.1490155975391346 0.371147096157074 0.5329587756781815
-0.26973403564615706 0.026810163632035255 0.5657189288166102 -0.10205902284408999 0.027768781408667564 0.568109469283582 0.08008071943418409 0.18927884101867676 0.5530163929850638 0.1397417276521213 0.3868767023086548 0.5703481615063893
-0.2703710070821047 0.031445298343896866 0.5666814732206472 -0.10079501675833075 0.03556187078356743 0.5772512729803831 0.07802818671343786 0.1987934410572052 0.5749027698683951 0.1314611717890563 0.39726075530052185 0.6024634004299894
-0.2745004893294171 0.04293658584356308 0.5698586538087183 -0.10226915041548415 0.05420081317424774 0.6002588198748654 0.07311502865232271 0.21925686299800873 0.6229076748962776 0.11777311437959843 0.4169158935546875 0.6675268655690452
-0.2745004893294171 0.04293658584356308 0.5698586538087183 -0.10226915041548415 0.05420081317424774 0.6002588198748654 0.07311502865232271 0.21925686299800873 0.6229076748962776 0.11777311437959843 0.4169158935546875 0.6675268655690452
-0.2755639789447064 0.04540763422846794 0.5701984954477378 -0.10323975355376769 0.05735371634364128 0.6032950378959879 0.07243520440653514 0.2219240665435791 0.6289501377383951 0.118192814557599 0.41893115639686584 0.6752697141440965
-0.2764196416797835 0.0472579263150692 0.5703266347970344 -0.10408882392455897 0.05900125205516815 0.604598336794041 0.07211826869587468 0.2227160483598709 0.6317525128064928 0.1193196176815467 0.4192025065422058 0.6787341725452104
-0.27707915963818575 0.048244524747133255 0.5702106799681974 -0.10480880428730975 0.059079017490148544 0.6048726119325484 0.07236843659435968 0.22193552553653717 0.6324063045817998 0.12129523185617694 0.4180358946323395 0.6790578407364376
-0.2774654928427798 0.048341866582632065 0.5696591001853827 -0.10523556758675032 0.05783636495471001 0.6040470340800133 0.07413023515676154 0.2200194001197815 0.6295071777770563 0.12597633499188707 0.41589757800102234 0.6730454300002205
-0.2776784509127834 0.04764025658369064 0.5686577151144895 -0.10567937039178954 0.05490490049123764 0.6016349957476516 0.07629005444705311 0.216304212808609 0.6228802227619192 0.13181558235300037 0.41221755743026733 0.6601558746341458
-0.27796435591453217 0.04647359624505043 0.5671725846807452 -0.10623023914034535 0.049170639365911484 0.5949743626903746 0.0790489095452507 0.20761287212371826 0.6091185219170798 0.13868858257239614 0.40296030044555664 0.6396662974676265
-0.278040905653957 0.04452930763363838 0.5651507836537547 -0.1069314421849551 0.041879791766405106 0.5859007991468861 0.08151827719154614 0.1971810758113861 0.5897524327275703 0.1453925243639236 0.3920482099056244 0.6110827138372468
-0.27776791398564266 0.042449701577425 0.5632282086252134 -0.10746719843669329 0.03410943225026131 0.5759959131809016 0.08410791652530969 0.185417041182518 0.5679447021331707 0.15238160252376642 0.37920013070106506 0.5786916949160401
-0.27730092633919073 0.04014190286397934 0.5610505179736213 -0.10834367038496745 0.02541157603263855 0.5644328275000667 0.08595692834444581 0.17173543572425842 0.5418861444665273 0.15880216691555343 0.3637773394584656 0.5396524798123489
-0.2767924775057224 0.03707166761159897 0.557005048870076 -0.11026579286477735 0.014829558320343494 0.5483302992500341 0.08626387714345841 0.1552855521440506 0.5093650783074636 0.1639727982875803 0.34439024329185486 0.49181094801392056
-0.27620910583909175 0.033677320927381516 0.5519543534446127 -0.11303814051454805 0.0037797708064317703 0.5298081598420193 0.08505117237998375 0.13719099760055542 0.47287024032369485 0.16797841539501213 0.321664959192276 0.43817629413855735
-0.27530559663323256 0.03050406463444233 0.5478192883176259 -0.11619152677052462 -0.006417510099709034 0.5129170498358698 0.08233117785681536 0.11835769563913345 0.4362633136941091 0.17038829270516853 0.29606273770332336 0.38235227150893825
-0.2741265914829664 0.027359921485185623 0.5441992220435565 -0.1196776251307971 -0.016533035784959793 0.49681992381586076 0.07801188563744277 0.09944642335176468 0.40146213559250504 0.17090690667974662 0.2694847881793976 0.32894531823744405
-0.27316925503717004 0.02410649135708809 0.5408912362582791 -0.12303032618565445 -0.025877030566334724 0.4822948676447531 0.07357283262676206 0.08072788268327713 0.36890182539611716 0.17030687150701115 0.2421562820672989 0.27858753866564406
-0.27179002456020834 0.021633582189679146 0.5375501890810495 -0.12666607407739938 -0.03371324762701988 0.46756234218756043 0.06566508782782216 0.05884624272584915 0.33184172454665134 0.163216552701556 0.20570072531700134 0.21956085336836906
-0.2689318136865505 0.019558774307370186 0.535064339730271 -0.13165168543157452 -0.041291460394859314 0.45289143380423835 0.05111216272335399 0.03487692028284073 0.2933225747112606 0.146743939371795 0.1614941507577896 0.15745387854293866
-0.26631100968904414 0.017353137955069542 0.5322452499223758 -0.13659635897234518 -0.048357266932725906 0.4389396191903306 0.03472421426903077 0.01083189994096756 0.25762077834847213 0.12478133372207448 0.11455704271793365 0.09970042779610333
-0.26359399204810463 0.014848475344479084 0.5297066628712682 -0.14196320138243362 -0.05553322657942772 0.42613309423639617 0.014860895729020298 -0.014372332952916622 0.2249935555214383 0.09589063301851429 0.06441066414117813 0.04767772478514226
-0.2600006971175156 0.011943061836063862 0.527562841087737 -0.1505318252583789 -0.06300868093967438 0.41342602732575917 -0.01519565937438334 -0.04094025865197182 0.1935267528940905 0.05370619858962454 0.011454194784164429 0.00031762165368188176
-0.2577618288777126 0.008658261969685555 0.5251238319897102 -0.16236723043571966 -0.07116138190031052 0.4011393116512575 -0.05142930784872525 -0.06832918524742126 0.16635316840196154 0.002452178021784295 -0.04277009889483452 -0.03825501803705684
-0.25642080146144036 0.005389190744608641 0.5235123256196655 -0.17485083401819712 -0.07966743409633636 0.3921586861927919 -0.09006311156725952 -0.09566035866737366 0.14690034224913892 -0.05351763161886274 -0.09607414156198502 -0.06416398612766112
-0.2565195758521777 0.002058017533272505 0.5226947823135585 -0.18733535794132122 -0.08794250339269638 0.3861287472201759 -0.12743178132774463 -0.12031582742929459 0.1347349274244944 -0.10987367671076903 -0.14416581392288208 -0.07816535088409055
-0.25787563807781994 -0.0011611105874180794 0.5228669101679638 -0.20111304151556325 -0.09694123268127441 0.38353976260618916 -0.16606168686007935 -0.14391523599624634 0.12986514896775814 -0.16852119479147942 -0.18739788234233856 -0.08108206590839268
-0.25942411667752396 -0.003238357836380601 0.5242408828694596 -0.21820736975892321 -0.10773813724517822 0.3854081245604835 -0.2113205629551893 -0.17013414204120636 0.13351679761488924 -0.23353636516906684 -0.22965258359909058 -0.07232114505267492
-0.26200480324588354 -0.004860289860516787 0.5260255090366367 -0.2370576722118419 -0.1185622438788414 0.38994386594730834 -0.2579845008108449 -0.19402267038822174 0.14301251536336645 -0.29985212423023544 -0.2660939693450928 -0.055436791743596864
-0.2650966607411403 -0.006085371598601341 0.5279829583481123 -0.25624160814841146 -0.12833568453788757 0.39645170452557715 -0.302652871237801 -0.21513916552066803 0.15695902926752814 -0.36287193140843454 -0.2974270284175873 -0.0322312412433485
-0.2685194002263879 -0.006447927560657263 0.5297600202240775 -0.27480671503043735 -0.136910542845726 0.40395519780247874 -0.34486751404229354 -0.2334384173154831 0.1743516174610793 -0.4222395000017858 -0.3234511911869049 -0.004380196109959086
-0.2772920342956398 -0.004850342869758606 0.5331546639918197 -0.312479529069564 -0.14910125732421875 0.42267443350051825 -0.42310444461619456 -0.2630026936531067 0.21811165787481093 -0.527527508526411 -0.3643939197063446 0.060480737801011125
-0.2772920342956398 -0.004850342869758606 0.5331546639918197 -0.312479529069564 -0.14910125732421875 0.42267443350051825 -0.42310444461619456 -0.2630026936531067 0.21811165787481093 -0.527527508526411 -0.3643939197063446 0.060480737801011125
-0.2818299097152872 -0.0029570257756859064 0.5351628662502977 -0.3298392216060772 -0.15247221291065216 0.4343546785057881 -0.4582603942651067 -0.27384713292121887 0.2448457819329088 -0.5749110310178757 -0.3812502920627594 0.10152644266537211
-0.2862380385939293 -0.00040680760866962373 0.5372177642527073 -0.34530002311558455 -0.15432699024677277 0.44673170133460677 -0.48954591288613647 -0.28194954991340637 0.27332212452262694 -0.6171439641508697 -0.3943309485912323 0.14478957172462914
-0.2904778189807391 0.002693441929295659 0.5393282279260152 -0.3588621355416849 -0.15490120649337769 0.4597474105705312 -0.5166322134644131 -0.2873281240463257 0.3025659994667145 -0.6536891221799912 -0.40286168456077576 0.18802523986601213