-0.3017223246885494 -0.04809249937534332 0.5874662303103796 -0.2726300437843853 -0.11920829862356186 0.7848501101316997 -0.26994906121035156 -0.18267609179019928 1.0382152963509859 -0.2860048924472362 -0.21141162514686584 1.252889179543946
-0.30192277909646437 -0.048161763697862625 0.5874607736271077 -0.2728394162961446 -0.11930753290653229 0.7848332109756987 -0.27013175297212966 -0.18279655277729034 1.0382038758125884 -0.28619398430411486 -0.21156273782253265 1.252868454759673
-0.30192277909646437 -0.048161763697862625 0.5874607736271077 -0.2728394162961446 -0.11930753290653229 0.7848332109756987 -0.27013175297212966 -0.18279655277729034 1.0382038758125884 -0.28619398430411486 -0.21156273782253265 1.252868454759673
-0.30208606548104944 -0.048188574612140656 0.5874499975540449 -0.2730232657454778 -0.1193654015660286 0.784812412726884 -0.2703374558903807 -0.18287451565265656 1.0381783263957818 -0.28644573982906124 -0.21167251467704773 1.2528360671687966
-0.3022296481986975 -0.04822499305009842 0.587440550635499 -0.2731912050755439 -0.11943145096302032 0.7847923677301584 -0.27053298332496944 -0.18296465277671814 1.0381567913193865 -0.2866942505186084 -0.2117994874715805 1.2528050445433372
-0.3023649212469019 -0.048240646719932556 0.5874220872003258 -0.27340630503834973 -0.11947707086801529 0.7847783114286565 -0.2708176853631156 -0.1830388307571411 1.0381446982862557 -0.2870383574940557 -0.21191704273223877 1.2527809794169316
-0.30248831589569797 -0.04825941100716591 0.5874381872628769 -0.27369090732448215 -0.11950237303972244 0.7848188853396505 -0.27121792563817904 -0.1830749660730362 1.0381911697463782 -0.2874823616872934 -0.21199432015419006 1.2528184221959664
-0.3026363338547402 -0.048314306885004044 0.5874445033293619 -0.2740688809327088 -0.11952764540910721 0.7848715209160384 -0.2717613557779931 -0.18308809399604797 1.0382686202922655 -0.28807533629716214 -0.21207380294799805 1.2528820228451778
-0.30286592734781187 -0.04837612062692642 0.5873813500670532 -0.27451388023213 -0.11955816298723221 0.7848552598990248 -0.2723612501884608 -0.1831006556749344 1.0382775128217296 -0.2887274262984679 -0.21216155588626862 1.2528757531843908
-0.3031270815885261 -0.04846753552556038 0.5873200044524062 -0.2750609641341376 -0.11958751082420349 0.7848568698039511 -0.2730965247253585 -0.1830941140651703 1.0383185559937544 -0.28955780428518774 -0.21220995485782623 1.2528991440153472
-0.3033397243800531 -0.048623427748680115 0.5873129877575078 -0.27558091422619846 -0.11968215554952621 0.7849246151675141 -0.27382744639700746 -0.18313460052013397 1.0384268850490894 -0.2904735468808516 -0.2122773379087448 1.2529841352482596
-0.3034348123639969 -0.04884485527873039 0.5873508073040147 -0.27609002272971006 -0.11981803178787231 0.7850607007763357 -0.27482821672561275 -0.1831071972846985 1.0386067769117235 -0.29193919778288335 -0.2121632844209671 1.2531416939220572
-0.30348651235078217 -0.04911099001765251 0.5874077947679385 -0.2766306504476045 -0.1197752058506012 0.7852982890646546 -0.2760645166114537 -0.18273641169071198 1.0389405027233598 -0.29386664288222714 -0.21171562373638153 1.2534330133060823
-0.30347998378781327 -0.04937054589390755 0.5874718030227772 -0.2770701591921536 -0.11956100910902023 0.7855782980570052 -0.27746301811048524 -0.18221305310726166 1.0392957419424158 -0.29630115579081895 -0.21129275858402252 1.2536952648915285
-0.3034053018974883 -0.04965478181838989 0.587515947375561 -0.27739954245890114 -0.1192253828048706 0.7858622725563095 -0.2789341041980601 -0.1815146952867508 1.039661775322986 -0.2991360807772798 -0.21084415912628174 1.2539101455451929
-0.3034317288377601 -0.049906175583601 0.5875824772836765 -0.2777455864223483 -0.11876412481069565 0.7861942556304253 -0.2803490835307279 -0.1806391477584839 1.0400715617627636 -0.30197718483851166 -0.2102605700492859 1.2541466183527712
-0.3035571146276216 -0.05003131926059723 0.5876451347595536 -0.2781274794905056 -0.1180616021156311 0.786561714152586 -0.2815833419759856 -0.1795119345188141 1.0405132980986846 -0.3043459646274189 -0.20935821533203125 1.2544454586159914
-0.3036830995261687 -0.05017228052020073 0.5876494561485832 -0.2784680170679924 -0.11737126111984253 0.7868673779726744 -0.2824937967734915 -0.1783282458782196 1.040931581535662 -0.3059170302270268 -0.20828144252300262 1.2547837131954471
-0.3037439003344028 -0.050196364521980286 0.5876643474930187 -0.27840301703037035 -0.1162862628698349 0.7872273898635342 -0.28246498526054786 -0.17679069936275482 1.0413980075128213 -0.3061235703473758 -0.2069077491760254 1.2551974255626472
-0.3035475245324984 -0.050146881490945816 0.5876975665492608 -0.27763140058960456 -0.1150701567530632 0.7875292753396006 -0.28133994039798127 -0.17517860233783722 1.0417831278496716 -0.3050520664532683 -0.205485999584198 1.2555579295090187
-0.30305355028287445 -0.0501135028898716 0.5877647867974694 -0.27635232468796245 -0.11400037258863449 0.7877822934767369 -0.2796426610564787 -0.1739196479320526 1.0420795901283026 -0.30329378361395226 -0.20477963984012604 1.2558136082489055
-0.3024352999106579 -0.05006612837314606 0.5878955108742601 -0.27492052415056634 -0.11310036480426788 0.7880207963246666 -0.27732631914842754 -0.1736449897289276 1.0422445154853128 -0.30007525292557424 -0.20607700943946838 1.2558733112154885
-0.30189681633190896 -0.049942925572395325 0.5879063623475286 -0.2731986268707355 -0.11231935024261475 0.7880269508226021 -0.2739577634652975 -0.17407193779945374 1.042076976282739 -0.2948234704527477 -0.20872455835342407 1.255565512114544
-0.3016896448765303 -0.04962684214115143 0.5878441987708107 -0.2697807204622984 -0.11212185025215149 0.7874481498924939 -0.2662469117033784 -0.17638160288333893 1.0407852946891496 -0.28373801431436496 -0.2137918323278427 1.2541091018050519
-0.30144586650588906 -0.049317263066768646 0.587768707472249 -0.26556350110667637 -0.11251275986433029 0.7865057714966152 -0.2560258502029117 -0.1801866590976715 1.0387399793082264 -0.26827412270387807 -0.2206079065799713 1.2518676899458985
-0.30115066203084895 -0.04922178387641907 0.5876374610257002 -0.26071462622400055 -0.1137780100107193 0.7851177428707665 -0.24360544907085782 -0.18561118841171265 1.035783960021577 -0.2487334808894288 -0.2290906012058258 1.2485299192346728
-0.3008445505565633 -0.049238599836826324 0.5874465057156242 -0.2552047188404588 -0.11554690450429916 0.7832750016603695 -0.22906749845667831 -0.19209039211273193 1.0317869522969305 -0.22549459163018526 -0.23876404762268066 1.243763854536038
-0.30054876885480236 -0.04960227757692337 0.5873498972721007 -0.24940524020567037 -0.11810798197984695 0.7811611498133871 -0.2129318217602862 -0.19979596138000488 1.0267689015811385 -0.199307086001993 -0.2498929649591446 1.2373143800413255
-0.30010449897098523 -0.050433285534381866 0.5872404920552079 -0.24322535979860127 -0.12161998450756073 0.7785716982102319 -0.1956044334170459 -0.20874783396720886 1.0204659220598942 -0.17117041482321713 -0.26246652007102966 1.228797344997915
-0.29918952292975387 -0.05176733061671257 0.5870747701901883 -0.23620133080738187 -0.12604783475399017 0.7753631859756264 -0.1776230846057286 -0.21833506226539612 1.0131330907740783 -0.14271834921787402 -0.2753591239452362 1.2189893248187644
-0.2985598390567287 -0.05386485904455185 0.5866201487480998 -0.22962338780525748 -0.13221114873886108 0.771154088659388 -0.1598419778641311 -0.22968924045562744 1.0040105499799235 -0.11433152442136826 -0.2900913655757904 1.206711716314413
-0.2979113271005925 -0.05590718239545822 0.5859045654070879 -0.2226373119964794 -0.13810068368911743 0.7661124602713772 -0.1404260532164599 -0.24128326773643494 0.9922261274990307 -0.08305205158348614 -0.3056407868862152 1.1898503752836458
-0.2971282301614276 -0.05817689746618271 0.5851324065130373 -0.2155929938513449 -0.1443859189748764 0.7604591811251593 -0.12093812022272865 -0.2531776428222656 0.9788241296248984 -0.05160585172997364 -0.3212745785713196 1.170412209572002
-0.2962790402442701 -0.06083511933684349 0.5843507923891322 -0.2085193172390486 -0.15123258531093597 0.7541341837336221 -0.10145389990584458 -0.26542001962661743 0.9637127480159838 -0.02028192586807985 -0.33685946464538574 1.1483871383098054
-0.29541483314113 -0.06381410360336304 0.5834850608000911 -0.20162799563628744 -0.15837682783603668 0.7471371759472984 -0.08242668219205318 -0.27764806151390076 0.9470269167165644 0.01047955277065403 -0.35193777084350586 1.1238615332027282
-0.2945105347724426 -0.06693828105926514 0.5823503802987198 -0.19472828483491506 -0.1655348390340805 0.7392500331972928 -0.06382028395330536 -0.2895413637161255 0.9286073237120496 0.04045789951223701 -0.3663502037525177 1.0967353927712333
-0.29384769338600875 -0.07003376632928848 0.5813449527153443 -0.1884279559492536 -0.1722142994403839 0.7313425672973902 -0.0463558545254655 -0.3004755675792694 0.9094537450420055 0.06873946192769573 -0.37944912910461426 1.0681727862297778
-0.2932511220213737 -0.07346583902835846 0.5803302351284366 -0.1822807378942538 -0.17892034351825714 0.7227816623667572 -0.02913348233810007 -0.310646653175354 0.8887557960508257 0.09621844531792835 -0.39118871092796326 1.0375407232720706
-0.2923883450376186 -0.0770794153213501 0.5788983619876099 -0.17597756436530212 -0.18585419654846191 0.7130354845568877 -0.012150005749441292 -0.3203648626804352 0.8660190104921633 0.1230026693122933 -0.4018152952194214 1.0042769501623137
-0.29116208073136723 -0.08097667992115021 0.5776719092242498 -0.17012783368382406 -0.19312813878059387 0.7032909065035728 0.002972179510801004 -0.3302302956581116 0.843804706069807 0.1469436871099371 -0.4120478928089142 0.9719960713740631
-0.28984785889556947 -0.08498403429985046 0.5763497386529024 -0.16456436853139578 -0.2004469484090805 0.6927341125449049 0.016788453718439886 -0.3397711515426636 0.8212107177387034 0.16850584404151692 -0.4215015172958374 0.940075729824665
-0.2884482100802245 -0.089069664478302 0.574945029652522 -0.15923986697120474 -0.20748849213123322 0.6816671165359277 0.0298656335661123 -0.3484548330307007 0.797575848406835 0.18882215621667622 -0.4297020733356476 0.9067337354993473
-0.2869914237200013 -0.09338202327489853 0.5733577951908434 -0.1541621164048835 -0.2144608050584793 0.6697195438521778 0.0431660325384841 -0.35596218705177307 0.7688565372818793 0.20989373114905724 -0.43596047163009644 0.8640407249934541
-0.28519208043649286 -0.09789789468050003 0.571346355989156 -0.14895763406038753 -0.22134651243686676 0.6565856016555003 0.055518847707039326 -0.3628988564014435 0.7385375648395439 0.22901083668779484 -0.441585898399353 0.8192131074279747
-0.2832691531095682 -0.10240212827920914 0.5691156809919827 -0.14403361443614693 -0.22779780626296997 0.6427248695315039 0.0665410825600941 -0.36894598603248596 0.706834839848589 0.24590464827031525 -0.4463290870189667 0.7724124142567135
-0.28115826172237957 -0.10657088458538055 0.5669417134882676 -0.13898573266689343 -0.23311738669872284 0.6288967277179515 0.07669999437017243 -0.3731940686702728 0.6754502208546843 0.260797276134247 -0.4490039050579071 0.7271239110050186
-0.27894576313659786 -0.11057811975479126 0.5645974234288822 -0.13451407538863286 -0.23806209862232208 0.6144680263669834 0.08509800043874709 -0.37663835287094116 0.6426230282997215 0.2731526581325706 -0.4505857825279236 0.6799022171242992
-0.276742276437927 -0.11439298093318939 0.5624695485131279 -0.13104611880052086 -0.24248315393924713 0.6004327607410268 0.09127367889445595 -0.3790006637573242 0.6094697876146341 0.28213694386487104 -0.45061564445495605 0.6306350003104699
-0.27466720918931303 -0.11814998835325241 0.5595259283744362 -0.12846698328902528 -0.24696658551692963 0.5851101992494608 0.095248087122249 -0.3810283839702606 0.5754123499775506 0.2878503491074168 -0.45033010840415955 0.5813782945463134
-0.2722209454384192 -0.12186748534440994 0.5559173997840878 -0.12614533737572406 -0.2513720691204071 0.5687921155927623 0.0974773059058655 -0.3829362392425537 0.5406914572158683 0.2906750620954344 -0.45002469420433044 0.5313304775705816
-0.2698557376389105 -0.12527042627334595 0.5525433091011607 -0.12469362472627979 -0.2549576759338379 0.5529699307976524 0.09743647779116714 -0.3837469220161438 0.5065054912682323 0.28965749235848703 -0.44838735461235046 0.4800976444163072
-0.26787393612322585 -0.12839335203170776 0.5488554581123202 -0.12448247372760472 -0.2579793334007263 0.5362816859476283 0.09487812606288495 -0.38342586159706116 0.47115638391718406 0.2848936392007252 -0.44566136598587036 0.42801245820960515
-0.2661461510450415 -0.13104501366615295 0.545295267109948 -0.12539973289629838 -0.2602081000804901 0.5198900642070934 0.08972091194712611 -0.3820382058620453 0.4363619504382852 0.2762678976143972 -0.4421094059944153 0.3767570821557943
-0.26442977787729754 -0.13335365056991577 0.5416780546271025 -0.12685419374635035 -0.26135095953941345 0.5036622543334696 0.08277480716188376 -0.37926918268203735 0.40240824086891375 0.26510769971487735 -0.4373583197593689 0.3276879423963373
-0.26280870548464735 -0.13530118763446808 0.5382116781998857 -0.12827430112066515 -0.26206380128860474 0.4888823584623855 0.07522037630394918 -0.37642720341682434 0.37159101541452233 0.2521821026970087 -0.4330698549747467 0.2824641991038471
-0.26156110648070474 -0.13690605759620667 0.5348052180449746 -0.1297958014744499 -0.26250380277633667 0.47535184629926713 0.06766830331030595 -0.373172402381897 0.3438692180019606 0.2376076813466766 -0.4281237721443176 0.24018360857657284
-0.26050514173071626 -0.13840089738368988 0.5317677168097503 -0.1318456091127666 -0.262676864862442 0.46295017659389665 0.05894673479713275 -0.3689229488372803 0.31791907397897157 0.2213821915524048 -0.4215949475765228 0.20080064387803348
-0.25894602013749674 -0.13996346294879913 0.5290947514390347 -0.13613422992549573 -0.2619132697582245 0.44965309663124126 0.044952424767099465 -0.3625496029853821 0.2898472716620045 0.19967657413248824 -0.41266757249832153 0.16055387815751418
-0.25727314107032395 -0.14158834517002106 0.5267761902805694 -0.14099809596551702 -0.2610032558441162 0.43787996900926685 0.030175814187575856 -0.356058806180954 0.2649055548329645 0.17669477887423388 -0.40394631028175354 0.1243616638603887
-0.2560990199258778 -0.14309486746788025 0.525177342677717 -0.14650978183470742 -0.25988656282424927 0.42832761005382686 0.014576472360237538 -0.3496459722518921 0.24369391510093913 0.15241619776541188 -0.3958510160446167 0.09302759474304378
-0.2554137276928043 -0.1445009857416153 0.5241250784232454 -0.1528138033582315 -0.258645623922348 0.420100427866127 -0.0022564270953848095 -0.34321799874305725 0.22471500260140173 0.12663405507148623 -0.3879909813404083 0.06498315526243192
-0.25516435370827334 -0.14562463760375977 0.5231218051111404 -0.15998866509924758 -0.2575068175792694 0.41226697918200444 -0.020812180835067577 -0.33708587288856506 0.20674416228914566 0.09945415433824818 -0.3801637291908264 0.038891558340388405
-0.25491232093346267 -0.14650137722492218 0.5221184086431643 -0.16749668774101087 -0.256434828042984 0.40493629934134495 -0.04022216967925561 -0.3309844434261322 0.18995463019301254 0.07116127646285401 -0.37187063694000244 0.014512082508558878
-0.25455675280119416 -0.14736461639404297 0.5210998430240485 -0.17495743029032748 -0.25513726472854614 0.3981952164205222 -0.0597649822954161 -0.32412073016166687 0.17464364332898066 0.04154402398226099 -0.36247438192367554 -0.008063221060107189
-0.2540500868805463 -0.1484212875366211 0.5201257384676105 -0.18205031701773108 -0.2540009021759033 0.39223068337032013 -0.07895762453625114 -0.31724652647972107 0.16114830791100967 0.012157918769441764 -0.35302942991256714 -0.02798955932818749
-0.253356671612511 -0.14945246279239655 0.5189687589877464 -0.18899770849830574 -0.2529706656932831 0.3867199499054104 -0.09794113186254476 -0.31077706813812256 0.14921635298471955 -0.017055515523823065 -0.3444274365901947 -0.04548797992262464
-0.25288263640540737 -0.15038205683231354 0.5178909911282928 -0.19610270313095854 -0.25171905755996704 0.38166015167759626 -0.11700928559431699 -0.304275244474411 0.13867560426529127 -0.04646140881844564 -0.33647385239601135 -0.060790020830019206
-0.25141730640128895 -0.1528831273317337 0.5150511921334291 -0.21454937266425073 -0.24751625955104828 0.37017933033154554 -0.16973396140887143 -0.2857367694377899 0.11598952008369817 -0.1313380927137903 -0.316341757774353 -0.09367525260979352
-0.25141730640128895 -0.1528831273317337 0.5150511921334291 -0.21454937266425073 -0.24751625955104828 0.37017933033154554 -0.16973396140887143 -0.2857367694377899 0.11598952008369817 -0.1313380927137903 -0.316341757774353 -0.09367525260979352
-0.25141730640128895 -0.1528831273317337 0.5150511921334291 -0.21454937266425073 -0.24751625955104828 0.37017933033154554 -0.16973396140887143 -0.2857367694377899 0.11598952008369817 -0.1313380927137903 -0.316341757774353 -0.09367525260979352
-0.2506099986484599 -0.1535777598619461 0.514329889857493 -0.21940670761088912 -0.24616141617298126 0.3676555182018784 -0.1849150675268123 -0.2802702784538269 0.11112201451589059 -0.1572827315054001 -0.3111518919467926 -0.10073377197443951
-0.24944646869866688 -0.15441517531871796 0.5139360328527163 -0.223547874659495 -0.2449776977300644 0.36608794574873105 -0.19992756688011756 -0.2746132016181946 0.108122747718909 -0.18327975050716055 -0.30496513843536377 -0.10509186055672708
-0.24800619670556326 -0.15539944171905518 0.5135386030181529 -0.22733024881958888 -0.24348022043704987 0.3646094097172904 -0.2139110358120857 -0.2683257758617401 0.1056811403440346 -0.20784866056928641 -0.29803261160850525 -0.1083727448476968
-0.24643361572362743 -0.15648669004440308 0.5132048511052851 -0.23051893245392616 -0.24164903163909912 0.3634465346691573 -0.22631937645273512 -0.2613246738910675 0.10395407516069294 -0.2307421647857295 -0.28999826312065125 -0.11022465455932247
-0.24514121655097132 -0.15773379802703857 0.512882923801127 -0.23337465983866032 -0.2398230880498886 0.36240980773855397 -0.23699803040310297 -0.25411340594291687 0.10265747642566209 -0.2502105003802224 -0.28094685077667236 -0.1113619198280438
-0.24417646989785663 -0.15893378853797913 0.5125479055003362 -0.23613328025897545 -0.2382785975933075 0.36147573231167807 -0.24635008704486308 -0.24651607871055603 0.10169776457319821 -0.26690432528078795 -0.27011534571647644 -0.11204471369432581
-0.24370663395638176 -0.15941618382930756 0.5122125434267197 -0.2389364758630985 -0.23647759854793549 0.360640924196703 -0.2542019471695994 -0.23952770233154297 0.10091382377406563 -0.2807135759178942 -0.25983020663261414 -0.1124835382012549
-0.24321950996003194 -0.15973125398159027 0.5118081053582832 -0.2412086030952987 -0.2345765084028244 0.3598160703543361 -0.25985054618911957 -0.232476606965065 0.10016800845424917 -0.29138447466798545 -0.24938321113586426 -0.11292325374191763
-0.2431325370360944 -0.16036993265151978 0.511426031649896 -0.24328687954344916 -0.23345300555229187 0.35915238614857414 -0.26364218999562966 -0.2260030210018158 0.0996672678350027 -0.29851027982724065 -0.23814168572425842 -0.11335259403724318
-0.2432503617572725 -0.16084134578704834 0.5111213516372958 -0.2449775295369896 -0.23291464149951935 0.3586425884884578 -0.2655429469728285 -0.22131209075450897 0.0991486813280275 -0.30123618873184266 -0.22847609221935272 -0.11404480141385784
-0.24354232523569308 -0.16098502278327942 0.5109378346251733 -0.24647510907677841 -0.2325882911682129 0.3583538496586472 -0.26654862830218773 -0.21906645596027374 0.098740625761139 -0.30173676722345744 -0.22303086519241333 -0.11475676415962219
-0.24384266418967854 -0.1609840840101242 0.5108775604535638 -0.24753784464958117 -0.23244018852710724 0.35822923002494983 -0.2671175786417131 -0.21871010959148407 0.09851605755594253 -0.30163867038521963 -0.22135569155216217 -0.11525107338465827
-0.24412972392681825 -0.16119688749313354 0.5109574697595878 -0.24841731284154203 -0.23256714642047882 0.35825843836764537 -0.2674920313574865 -0.2194111943244934 0.09846627732753976 -0.3013215307011926 -0.2222157120704651 -0.11552384470065996
-0.24433637497916671 -0.1617160439491272 0.511028774993313 -0.2490312703689414 -0.23299407958984375 0.35830258491076994 -0.26765791010128626 -0.22061969339847565 0.0984660048460377 -0.30096277936661403 -0.22407063841819763 -0.11569975548348643
-0.24452397252983796 -0.16220976412296295 0.5110933931487257 -0.24933102854487837 -0.23363745212554932 0.35836290741272203 -0.26738597319404456 -0.22226032614707947 0.09853109703453561 -0.3000287642374652 -0.22674241662025452 -0.11574485877809865
-0.2447934039265393 -0.1626070886850357 0.5112072989654551 -0.24930505676824324 -0.2346637099981308 0.3584654114950442 -0.2668015533864141 -0.22443415224552155 0.09865279105374863 -0.29871005122865124 -0.22980578243732452 -0.11564926798631286
-0.24512754930243097 -0.1629396677017212 0.5113227041205477 -0.2493334351815543 -0.23554682731628418 0.35859052992316975 -0.2662126933760607 -0.22619681060314178 0.09878952452145298 -0.29746727427443986 -0.23201847076416016 -0.11556783392330922
-0.2455520814915158 -0.16313804686069489 0.5114279961850725 -0.2494603925804917 -0.23628206551074982 0.3587226703509768 -0.26578153090412654 -0.22760315239429474 0.09894101276925155 -0.29649391335936415 -0.23362673819065094 -0.11545782272978554
-0.24596758595814378 -0.16322538256645203 0.5115492283530101 -0.2496314562346974 -0.2368759661912918 0.35888437763612896 -0.26544028192991176 -0.22893072664737701 0.09911887171200079 -0.2957745106667833 -0.23538871109485626 -0.11528640283428446
-0.24628017699046792 -0.1633119285106659 0.5116484744173745 -0.2497191351256817 -0.23736576735973358 0.3590238323660975 -0.26532720753379174 -0.22992220520973206 0.09932550338539886 -0.29557750675669187 -0.2366977035999298 -0.11504138865999133
-0.24647094116701015 -0.16336165368556976 0.5117637942528993 -0.24974003640912892 -0.23772895336151123 0.35920310997042004 -0.2652348838421064 -0.23093098402023315 0.09954345118814385 -0.29545872068676865 -0.23833148181438446 -0.11477199553804211
-0.24659488796359486 -0.16346308588981628 0.5118739716752485 -0.24972669047211826 -0.23808349668979645 0.3593553568740603 -0.265047434953017 -0.2318226844072342 0.09970596023575143 -0.29534601747048284 -0.23967450857162476 -0.11458714817751744
-0.24667323921603504 -0.16354455053806305 0.5119588731563367 -0.2497070523912118 -0.23837916553020477 0.3594741137447822 -0.26472380918825694 -0.23258168995380402 0.09980288710832137 -0.29496944246367846 -0.24072808027267456 -0.11451744784268972
-0.24671671381570692 -0.16360904276371002 0.5120883968342703 -0.2497589472748864 -0.238636314868927 0.3596542021336621 -0.26444869457603043 -0.23321013152599335 0.09994513903542668 -0.29451953135265857 -0.241502583026886 -0.11443463673853033
-0.24669843114316542 -0.16359612345695496 0.5122333924255601 -0.24983553726213564 -0.23876701295375824 0.3598597152580063 -0.2642271717221156 -0.2336181253194809 0.10011848741651959 -0.29411110516443084 -0.24201057851314545 -0.11431386571484492
-0.2466060030236586 -0.1635691374540329 0.5123737760411967 -0.24982548506844432 -0.23883086442947388 0.36006190458014053 -0.2639994414729436 -0.23380592465400696 0.10031798251404336 -0.29383807036066 -0.2421979159116745 -0.11414007628546047
-0.24645469211941787 -0.16352206468582153 0.5124895239544824 -0.24972992075108555 -0.2388545423746109 0.3601952660991986 -0.26368761794226675 -0.23401500284671783 0.10043395320071792 -0.2934624247096938 -0.2424866259098053 -0.11405045729902202
-0.24629476755981303 -0.16347603499889374 0.5126051384535653 -0.2496381114362026 -0.2388601452112198 0.360327785861048 -0.2633464275095865 -0.23411735892295837 0.10054367306024442 -0.29299012543224145 -0.2425689995288849 -0.11398190623067823
-0.24611194578203405 -0.1634511649608612 0.5127321191407199 -0.24955097703078147 -0.23887605965137482 0.36048062500949546 -0.2630255592537442 -0.23421967029571533 0.10067471769695456 -0.2924534743504544 -0.24263229966163635 -0.1139014977123873
-0.2459175936717978 -0.16338041424751282 0.5128105762701731 -0.2495717518272904 -0.23897182941436768 0.3605667449110964 -0.2629288313158642 -0.2345040887594223 0.10073678734628408 -0.29216211151397087 -0.2428656369447708 -0.11387932932059808