-0.1227472954561552 0.13536886870861053 0.5316092100419418 -0.13536891401014328 0.05708281695842743 0.38180264170080375 -0.10933119898048482 0.060849085450172424 0.12146585479354341 -0.0801376662970724 0.0764453336596489 -0.09343980925982813
-0.1227472954561552 0.13536886870861053 0.5316092100419418 -0.13536891401014328 0.05708281695842743 0.38180264170080375 -0.10933119898048482 0.060849085450172424 0.12146585479354341 -0.0801376662970724 0.0764453336596489 -0.09343980925982813
-0.12270100917598344 0.13547922670841217 0.5316130770093401 -0.13538647035014087 0.05719670280814171 0.38181816813817143 -0.10940397854250858 0.060937780886888504 0.12147353500284527 -0.08022475907778985 0.07648120820522308 -0.09343865718816646
-0.12266349758822002 0.1355813592672348 0.5316435118291805 -0.13539443190977948 0.05730300396680832 0.3818634778163699 -0.1094082752032179 0.0609954409301281 0.12151454727236674 -0.08021355335972317 0.07646344602108002 -0.09340013669219863
-0.12264955420266084 0.13567663729190826 0.5316927394997147 -0.1354178133898913 0.057378679513931274 0.3819237554817133 -0.10941828288112188 0.060980722308158875 0.12157246595912342 -0.0802207657052995 0.07635532319545746 -0.09334624100575822
-0.12260011337341117 0.13576164841651917 0.531703289070909 -0.13538721422414818 0.057455480098724365 0.3819462767340586 -0.1093910854472187 0.060976266860961914 0.12158847715458428 -0.08022573869935218 0.07626399397850037 -0.09334077311273817
-0.12248011022055813 0.13583499193191528 0.5316308192262824 -0.13525398642139977 0.05752940848469734 0.3818921837630998 -0.10924147049252371 0.06097942218184471 0.12153085640678989 -0.08012157996957722 0.07617492973804474 -0.09341077404868721
-0.12236554713071501 0.13589848577976227 0.5316625845640098 -0.13513410039239737 0.05760202556848526 0.3819481773106939 -0.10912048020693621 0.06100163236260414 0.12158376150623496 -0.08004237295812262 0.07610952109098434 -0.09336991580894514
-0.1222359409217775 0.13594238460063934 0.5316767155816452 -0.1350360670153926 0.05764355510473251 0.3819830538663388 -0.10906104618073383 0.06101570650935173 0.12161530344937828 -0.08002291150889863 0.07607313245534897 -0.09334815077241733
-0.12207617008609675 0.13600319623947144 0.5316779646035804 -0.13487971394623022 0.057710979133844376 0.3819967752503333 -0.10892962336212308 0.061066146939992905 0.12162388102888216 -0.07991403310410632 0.07608076930046082 -0.09334876136674598
-0.12189616047375576 0.1360570341348648 0.5316725718610263 -0.1347143452184254 0.05775473266839981 0.3820022907343643 -0.10880045457568717 0.06108277291059494 0.12162422528885991 -0.07981202678559522 0.07604500651359558 -0.0933567284417738
-0.12173093320454287 0.13609522581100464 0.531673527050922 -0.1345452667777155 0.05780043825507164 0.38201573484884643 -0.10864770149636643 0.06112303212285042 0.1216370438692792 -0.07968595581968256 0.07603634148836136 -0.09335156523422163
-0.12153373250827407 0.13606609404087067 0.5316806697572486 -0.13431513126270678 0.0577867291867733 0.3820362711727077 -0.1084203476738503 0.0611044242978096 0.12165268095085496 -0.07948156496188069 0.07596471160650253 -0.09334216900119052
-0.1212658954959551 0.1360062211751938 0.5316812735266345 -0.13397176987734957 0.057720836251974106 0.3820363645753737 -0.10809239626773554 0.06101827323436737 0.12164688942039327 -0.07917727179625612 0.07582274824380875 -0.09335504844562599
-0.1209190236218787 0.13586953282356262 0.531656635850681 -0.1334757121785706 0.057598311454057693 0.3819943545153012 -0.10758298185712431 0.060897696763277054 0.12159807583882085 -0.07869252062689025 0.07564114779233932 -0.09341184692361612
-0.12048749156314084 0.13567568361759186 0.5316276607958045 -0.13280055123164014 0.05737917125225067 0.3819058219256387 -0.10690353317233404 0.06063636764883995 0.12149915266518228 -0.0780737139029802 0.07531287521123886 -0.0935264198191119
-0.11989552353941921 0.13547241687774658 0.5315481734181763 -0.13180546704662022 0.057127512991428375 0.38170714487624047 -0.10591690678515099 0.06029056757688522 0.12127954465949976 -0.07725783588706332 0.07487833499908447 -0.09378137147180314
-0.11911340076581046 0.13523149490356445 0.5313386516470439 -0.13048319471057207 0.056834395974874496 0.38131154347465507 -0.10469820845066755 0.059839580208063126 0.12083639797720412 -0.07641013552896941 0.0742858350276947 -0.09429426974698996
-0.11799318737230532 0.135003462433815 0.5309488504953777 -0.1285287375158261 0.05655606463551521 0.3806264580857474 -0.10288778358861747 0.05929205194115639 0.12006574081906182 -0.07530208851076335 0.07346314191818237 -0.09516907364885084
-0.11648190972057801 0.13505233824253082 0.5304743646114323 -0.12599577945613902 0.05656226724386215 0.37964431367242596 -0.10066350261645854 0.05883738771080971 0.11898856418444992 -0.07430654026242764 0.07259676605463028 -0.09639704063978745
-0.11469014549041087 0.13503466546535492 0.5298670872166279 -0.12301737014143738 0.056500110775232315 0.3785252831875569 -0.09806246816332524 0.058143943548202515 0.11778254380650224 -0.07307131914316259 0.0713609978556633 -0.09777841416377235
-0.11263136203057347 0.13500967621803284 0.5291790800269143 -0.11891269096197488 0.056089527904987335 0.3772776763428438 -0.09376795852575553 0.056424662470817566 0.11642854002166945 -0.0704836629503094 0.068560391664505 -0.09936421365642333
-0.1102451816925702 0.13501307368278503 0.5283389263827664 -0.11376615207173246 0.05557793006300926 0.3757311834057008 -0.08834422449699328 0.053644973784685135 0.11473484162754585 -0.06768633062583526 0.06273872405290604 -0.10143903859577405
-0.10785538007108486 0.13488157093524933 0.5276605987730557 -0.10857755828531808 0.0549638532102108 0.3744214035495066 -0.0828941115309808 0.05009083449840546 0.1133422508287841 -0.0649811876457741 0.05494071543216705 -0.10320316899668076
-0.10566311712030893 0.1346123069524765 0.5270842443420626 -0.10309888716842096 0.053939200937747955 0.37343831708518077 -0.07606781255603956 0.04532543569803238 0.11239947125340091 -0.06002820133878485 0.04496394097805023 -0.10430006097666239
-0.10400881966448354 0.13445980846881866 0.5265930059063181 -0.09645867487135681 0.0514700748026371 0.37298483811089495 -0.0661815756937982 0.0375954769551754 0.11263616444155872 -0.05136106757338964 0.031446680426597595 -0.10416680914124728
-0.10256917367544316 0.13430361449718475 0.5262302868454821 -0.08973535715683717 0.04798746109008789 0.373118419727232 -0.05543502074945752 0.027816396206617355 0.11390372904062793 -0.04047304720370212 0.015136534348130226 -0.10277597021434143
-0.10194870059301368 0.13461488485336304 0.5278113402290885 -0.06985147957919832 0.03327949345111847 0.381934997399671 -0.006788221322643467 -0.013543868437409401 0.13214880424783385 0.027291028193948005 -0.048656485974788666 -0.07940842021386149
-0.10194870059301368 0.13461488485336304 0.5278113402290885 -0.06985147957919832 0.03327949345111847 0.381934997399671 -0.006788221322643467 -0.013543868437409401 0.13214880424783385 0.027291028193948005 -0.048656485974788666 -0.07940842021386149
-0.10282508659527397 0.13471929728984833 0.528889136963315 -0.06325558039471307 0.027848634868860245 0.3873676942231342 0.01312813295307316 -0.028532523661851883 0.1434116585409549 0.05961619317187096 -0.07072169333696365 -0.06422274365015376
-0.10390298396255279 0.13488899171352386 0.5301799143379 -0.05672361320879103 0.0224771611392498 0.39386744843117505 0.03384004185749169 -0.04368062689900398 0.15737267014428302 0.09410189991400841 -0.09299804270267487 -0.044807515695900885
-0.10546355009233685 0.13522982597351074 0.5317597370610988 -0.05058579675600631 0.017223583534359932 0.4015772700816458 0.054537032406432234 -0.05889556184411049 0.17428242328374208 0.12910116258865373 -0.11562350392341614 -0.020872057035139585
-0.10734369482424722 0.13585138320922852 0.5334864159686268 -0.044550301867373916 0.012419489212334156 0.41046823673079424 0.07527771728015009 -0.07343050837516785 0.19416590949213108 0.1642689446091163 -0.13766328990459442 0.0077061681952357835
-0.1091386207009846 0.1364937573671341 0.5354224313754965 -0.038206190355944004 0.008071331307291985 0.42068104416257157 0.09528903466861882 -0.08640217781066895 0.21572646050712485 0.19770310897721574 -0.1575392633676529 0.03837331294226973
-0.11088020308737737 0.1373530775308609 0.5376562693576433 -0.0324538066429311 0.004549520090222359 0.43123856559629536 0.11346001483680247 -0.09769892692565918 0.23752490355138506 0.2285720238731446 -0.17524655163288116 0.07033406278689998
-0.11289013883181195 0.13897375762462616 0.5405174653786476 -0.027303950762736465 0.0023080320097506046 0.44311503490654863 0.13086692254520843 -0.10757982730865479 0.26343179701749264 0.25821985855906954 -0.19154518842697144 0.1092244062096133
-0.11508061216018547 0.14113254845142365 0.5435977512956817 -0.02200945212603458 0.0009875608375295997 0.45766751944024125 0.14780440883904777 -0.11598613113164902 0.2946544380598954 0.2858197659835694 -0.20569291710853577 0.15392546387720057
-0.11713760008957524 0.1437050998210907 0.5469810547982646 -0.0168821802169908 0.0008608427015133202 0.4732724222433913 0.16318228952733538 -0.1220458373427391 0.3263180163895256 0.31022719637958385 -0.21669453382492065 0.19807264789099976
-0.11949419133192787 0.14655351638793945 0.5499533148372533 -0.012812791414071996 0.0015928217908367515 0.48828896676739353 0.17623723852278897 -0.12645693123340607 0.35762283552127966 0.331298693535825 -0.22568991780281067 0.24237376469851826
-0.12209121112982614 0.14973296225070953 0.5527043836706751 -0.009608998785922494 0.0033487980253994465 0.5031105676720486 0.18792486258915916 -0.1288299858570099 0.3916126089554744 0.350771424121672 -0.2319454550743103 0.292447193004236
-0.1248427454452716 0.15330225229263306 0.5557674469142773 -0.007035076828383592 0.006250086706131697 0.5188837042948411 0.19789738403341367 -0.1289905160665512 0.42695008387610983 0.36779874453376477 -0.23474840819835663 0.3446619347488605
-0.12764154414805579 0.1570328176021576 0.5588123746346817 -0.005081850996302206 0.00997409038245678 0.5350670216242317 0.20616634743001422 -0.12734894454479218 0.4632894591097457 0.3820863484108621 -0.23476818203926086 0.3983157174755088
-0.13012163520698733 0.16098958253860474 0.5624077894620948 -0.0032827911970596743 0.01483926735818386 0.5525882397036992 0.21303230874387247 -0.12352117896080017 0.5014262966447975 0.39388653670449253 -0.2316553294658661 0.4541833066992758
-0.13222818708372924 0.16525878012180328 0.5662677395230372 -0.002042302540199298 0.02028465084731579 0.570774797193812 0.21769896157810398 -0.1186562031507492 0.5407070324338576 0.40227481308655544 -0.2267146110534668 0.5117590267226356
-0.13448778193459146 0.1696825921535492 0.5700123265574981 -0.0019769595089390232 0.026510970667004585 0.5887681803771386 0.21977827044958367 -0.1120247170329094 0.579848556629013 0.40667922399812956 -0.21927128732204437 0.5696063607043377
-0.13734405985694662 0.17467063665390015 0.5735654517098085 -0.0030519651367326636 0.03406796231865883 0.6061111966755433 0.21936278249945163 -0.10317116230726242 0.6178734457513249 0.4074211842151763 -0.2092387080192566 0.6252621379073822
-0.14058012576687118 0.17995008826255798 0.5767673194700105 -0.0053409409641375916 0.04220539331436157 0.622494770009657 0.21615775951359517 -0.09319861233234406 0.6543726437554633 0.40405567471660536 -0.1975991278886795 0.6791617284840092
-0.1438594677451242 0.18510296940803528 0.5792143118875502 -0.00846084641293491 0.05008053779602051 0.6372437930001478 0.21074284321287845 -0.08302124589681625 0.6885150123629546 0.39643825603207816 -0.18487346172332764 0.7316422553510786
-0.1468718406463161 0.19018034636974335 0.5809650687420645 -0.011909578962068235 0.05790209770202637 0.650385337138956 0.20373973093481326 -0.07251054048538208 0.7202614000633394 0.3858522590061011 -0.1714850217103958 0.7809216992556381
-0.1506135662603436 0.19544677436351776 0.5828765330666247 -0.01718777147794908 0.06628986448049545 0.6633974906614268 0.19374918571524546 -0.0610162727534771 0.750923682664301 0.37104490267837836 -0.1568150818347931 0.828243129397804
-0.1543803140274167 0.2012912929058075 0.583786051639173 -0.022409253497888165 0.07546940445899963 0.6748110568032024 0.1829629297140915 -0.04830113425850868 0.7790694645280296 0.35463834122598803 -0.14050205051898956 0.8719059020348758
-0.15810062596965016 0.20735356211662292 0.5853875959998581 -0.028002470752483632 0.08603348582983017 0.6873194848155746 0.17098782403546262 -0.03357629477977753 0.8074007725040642 0.33625987753090075 -0.12167176604270935 0.914726294523797
-0.16147657354507122 0.2132178694009781 0.5876821057998832 -0.03367026726624906 0.09654804319143295 0.7001330563277601 0.15905572622001857 -0.01927017606794834 0.8342372346166045 0.3181106548345719 -0.10344517976045609 0.9541330583106048
-0.16297984101420224 0.21820703148841858 0.5904488868460381 -0.03784093578403998 0.10574284940958023 0.712457004070019 0.1482295423561642 -0.006222816184163094 0.859534441175516 0.30090732206442133 -0.08633390814065933 0.990752913865193
-0.1653284363108422 0.22435550391674042 0.5935491332594771 -0.043729840131444805 0.11714328825473785 0.7256994512182422 0.13405923184946786 0.009768454357981682 0.8853853393968015 0.2789437141934173 -0.0656086727976799 1.027603597900419
-0.16816869562813647 0.22975125908851624 0.5944376839616645 -0.050886664748977774 0.12646007537841797 0.7340228667639513 0.11829977703368406 0.02355286292731762 0.9050803247894438 0.2549844442906415 -0.04733581468462944 1.0572119551095647
-0.17098050981754936 0.23510047793388367 0.5952141071617659 -0.05798768999979125 0.13581541180610657 0.7416453747707696 0.10256626552314442 0.03750022128224373 0.9230492294859483 0.23079222796404691 -0.029041443020105362 1.0841967806223565
-0.17377586544228757 0.24045735597610474 0.5958362900845041 -0.06522307454569491 0.14493052661418915 0.7486323834418415 0.0865266810034918 0.05100586637854576 0.9394360709260209 0.20616913254112448 -0.011388199403882027 1.1086513360454922
-0.17633656501365985 0.24564774334430695 0.5963722391839283 -0.07244657900501962 0.15346303582191467 0.7549451060011889 0.07024224241238931 0.06365551799535751 0.954282961343998 0.18108328329124768 0.005154107231646776 1.1307177230256205
-0.17832766196743083 0.25065189599990845 0.5967210415202334 -0.07900203228577547 0.16170331835746765 0.7604415945657772 0.0544529213989543 0.07572554796934128 0.9675387426568101 0.1562645498780939 0.020783647894859314 1.1504594957274223
-0.1798574129361507 0.25546520948410034 0.5970639786170787 -0.0853293834101515 0.16969576478004456 0.765631958877071 0.03840011534979679 0.0873943492770195 0.9799766098550231 0.13059990140635502 0.03560967743396759 1.1688644626827434
-0.18129664764464629 0.25994154810905457 0.59742846948855 -0.0917932264023386 0.17713679373264313 0.7704215615679983 0.02202559720331794 0.09848231077194214 0.991342827139032 0.10390450176206127 0.049622997641563416 1.1857286913927654
-0.18267529795463344 0.2640058100223541 0.5976972076737511 -0.09832974126463108 0.18398046493530273 0.7747390520146744 0.00548962791186329 0.1090800017118454 1.0015886019832771 0.07665292257039778 0.06325627863407135 1.2009005259859145
-0.18391249887224753 0.267429381608963 0.5979392404329044 -0.10479921434787928 0.18992352485656738 0.7786312921356467 -0.010844459886584695 0.11887161433696747 1.010765794825665 0.05024838377273398 0.0761369913816452 1.2142885559935517
-0.1850301243978381 0.2704969644546509 0.5982991124423528 -0.11088726154661613 0.19550107419490814 0.7822738547744619 -0.026416156992787737 0.12843500077724457 1.0189657195909274 0.02495373567306726 0.08913571387529373 1.2260887949939379
-0.18599143022939957 0.2731161415576935 0.5985302567452649 -0.11683460191545686 0.20026984810829163 0.7853836496926127 -0.0412669552783145 0.13673780858516693 1.026058674901823 0.0005817761154606887 0.10092666745185852 1.2360245760255584
-0.18824105307661843 0.27817392349243164 0.5987843771074647 -0.1292087033322681 0.2093256264925003 0.7907201525263098 -0.07188994297651366 0.15281663835048676 1.037806034848941 -0.0486120363072163 0.1240677684545517 1.2516413040273477
-0.18898948446125277 0.28054937720298767 0.5990366207615538 -0.134841914258896 0.21369878947734833 0.793191930134576 -0.08662133882530185 0.16085895895957947 1.042663236594891 -0.07256899274489939 0.13563789427280426 1.2576127249314752
-0.18898948446125277 0.28054937720298767 0.5990366207615538 -0.134841914258896 0.21369878947734833 0.793191930134576 -0.08662133882530185 0.16085895895957947 1.042663236594891 -0.07256899274489939 0.13563789427280426 1.2576127249314752
-0.18953961309399744 0.2827455699443817 0.599201380160223 -0.13998042506100022 0.21751989424228668 0.7951735346502941 -0.10022626457847143 0.16815751791000366 1.0465208969091588 -0.09490039402863885 0.1463131159543991 1.2621362885735512
-0.19007919727165037 0.28473275899887085 0.5993214778954251 -0.1449207260612299 0.2208399623632431 0.7968001674796479 -0.11305478750078264 0.17461958527565002 1.0495770220207217 -0.11581110561465618 0.15594717860221863 1.2654581877297262
-0.19068818142831495 0.28647956252098083 0.5992778633465279 -0.14988404383243265 0.22350192070007324 0.79799403908083 -0.12551583093554794 0.18004252016544342 1.051838776913719 -0.13562392382358157 0.1643427163362503 1.267663598570852
-0.19122429562099452 0.2880166471004486 0.5992219241460762 -0.15464990143717688 0.22584788501262665 0.7990033530722782 -0.13732027171962555 0.18498855829238892 1.0536608047818148 -0.1538829403181061 0.17208409309387207 1.2692343379244047
-0.19175035424421558 0.289212167263031 0.5992054131840902 -0.15897736208532204 0.22774693369865417 0.7998531943457797 -0.1479784112094638 0.18926911056041718 1.0550343702261624 -0.17007939549324433 0.17898663878440857 1.2702478537054098
-0.19233571941421998 0.2900976240634918 0.5992965565064868 -0.1632046150334432 0.22917990386486053 0.8006450259056477 -0.15773722521097605 0.1928243339061737 1.056172728864394 -0.18438930552386407 0.18487949669361115 1.270979705833071
-0.1928450521647907 0.29068633913993835 0.5993810412238999 -0.16711434373146966 0.2300611287355423 0.8012388364180686 -0.16649933245323392 0.1954737901687622 1.0569680737542086 -0.19701724245413602 0.18945397436618805 1.2713344338866779
-0.19334026117736353 0.29118213057518005 0.5993818677619571 -0.17065317681093756 0.23078392446041107 0.8016367876984019 -0.17433558250980266 0.1975979208946228 1.0574585197699748 -0.20823154303253047 0.1931554526090622 1.2713885219031396
-0.19371109416629245 0.2915986478328705 0.5993153994974338 -0.17377462208655542 0.23126263916492462 0.8018394140114213 -0.1812689000501121 0.19916950166225433 1.057659147013024 -0.21825191750945308 0.1959753781557083 1.2711509613633731
-0.19414558883910113 0.29193416237831116 0.5991896679239975 -0.17665670814235873 0.23155643045902252 0.8018945300012331 -0.18747320219376995 0.20028138160705566 1.0576593637736231 -0.22716316269734949 0.19812506437301636 1.2706938149832532
-0.19449892901693777 0.29226595163345337 0.5990825053943211 -0.17909144768745647 0.2318146675825119 0.8019059773051588 -0.1926689285285347 0.201094388961792 1.0575914418491827 -0.2345565107664706 0.19970035552978516 1.2702344189488959
-0.19476515475394401 0.2925560772418976 0.5991041250669084 -0.1811358319289918 0.2319357842206955 0.8019663567350188 -0.1969657472513559 0.20149028301239014 1.0575664065276178 -0.24055599665666297 0.20055773854255676 1.2698901833509548
-0.1949484108281407 0.2927323877811432 0.5990602817047086 -0.1827335183050347 0.23190610110759735 0.801921495705309 -0.2002728814343555 0.2015020251274109 1.0574537246221274 -0.24504032111662993 0.200737863779068 1.2695521918566925
-0.19514383684353415 0.29273149371147156 0.598815018562703 -0.18404338858462088 0.2316550314426422 0.8016625741682074 -0.2028605644853198 0.2010616958141327 1.0571320046965187 -0.248355334824731 0.20020495355129242 1.2691012007206155
-0.19525836042770678 0.29276391863822937 0.5987031326517948 -0.18518526717369277 0.23139357566833496 0.8015144178086382 -0.20503243940989693 0.2005072981119156 1.0569504551753228 -0.2509054501058272 0.19938628375530243 1.2688623991774028
-0.19521647082885396 0.2927509844303131 0.5986803403557516 -0.18600133802037017 0.23100487887859344 0.8014110229966057 -0.20666488774693192 0.19964922964572906 1.056818197421914 -0.25279351094737357 0.19812676310539246 1.2686956164959429
-0.19504235491203703 0.2926633656024933 0.5987737570642572 -0.18650311483114052 0.23057059943675995 0.80142281574503 -0.2078019291228831 0.19873836636543274 1.0568101936661547 -0.25411501300289313 0.1968289017677307 1.2686732826886908
-0.19476376959282657 0.2925644814968109 0.5989477097987285 -0.1867363215844493 0.23014216125011444 0.8015148029860133 -0.20842566311112182 0.1977611631155014 1.0568997880708633 -0.25481444709302636 0.19544775784015656 1.2687647780806803
-0.19436061134227733 0.29240894317626953 0.5991138649107774 -0.1866293748354952 0.22949181497097015 0.8015518166699317 -0.20849449565907155 0.19639655947685242 1.0568865008900248 -0.25489674746539714 0.19364245235919952 1.268763340937756
-0.19386681809428835 0.292265385389328 0.5991834626510412 -0.1863308805077164 0.22889652848243713 0.8014996697107508 -0.20824491466436976 0.1950380504131317 1.0568079938897634 -0.2545136598353643 0.19168628752231598 1.2687216906745926
-0.19340197831160696 0.2921253442764282 0.5993005169525408 -0.18595769481463365 0.22835862636566162 0.8015084227931994 -0.20778534551466893 0.19369475543498993 1.0568020906944984 -0.2537921725111304 0.18962618708610535 1.2687763631245286
-0.19295728354637398 0.2919887900352478 0.5993987898703317 -0.1855374580738563 0.22784017026424408 0.8015011245495445 -0.20720846325292863 0.19234183430671692 1.0567848137180018 -0.2528967664165514 0.18753686547279358 1.2688251623169968
-0.19250164280021184 0.2919076681137085 0.5994837922480782 -0.18500491164316782 0.2273707389831543 0.8014720754108055 -0.20645688712225924 0.1910274773836136 1.0567356425551957 -0.2517790377515381 0.18528537452220917 1.2688295378911882
-0.19201234637717543 0.2918570637702942 0.5995389887830627 -0.18441827260164528 0.22692681849002838 0.8014176664120939 -0.20559149136746363 0.1898323893547058 1.0566595886428072 -0.2503557854849933 0.1833178848028183 1.2688650872574794
-0.19153051633323576 0.2918219566345215 0.5995834101848718 -0.183850262866953 0.22659607231616974 0.8013739314815529 -0.204612463505063 0.18884406983852386 1.0566468721708258 -0.24875427933534863 0.18161462247371674 1.2689681512265554
-0.19109286719538085 0.2918158173561096 0.5996106876817818 -0.18323135442142968 0.2263130247592926 0.8013129307659165 -0.20352513851196097 0.18792350590229034 1.0566051075322518 -0.24716445414033883 0.18000899255275726 1.2690071088749295
-0.19065029413928708 0.29184433817863464 0.5996521050801562 -0.18256827909017223 0.22602082788944244 0.8012517793143933 -0.202441988042135 0.18695789575576782 1.0565377205977997 -0.24561641522238042 0.1783778816461563 1.2690059774658784
-0.1901824206973155 0.2918177545070648 0.5996951686339723 -0.18181677282057612 0.2257031947374344 0.801195301627065 -0.20123881577160474 0.18605314195156097 1.056481460198177 -0.2439321427784641 0.17690636217594147 1.2690232750240236
-0.18970905561893067 0.29175955057144165 0.5997758194036285 -0.1810910084309255 0.2253609001636505 0.8011832144495454 -0.20004399980670376 0.18511061370372772 1.0564661062282652 -0.24218443368477188 0.17540691792964935 1.2690993372170603
-0.18924057297408675 0.29169556498527527 0.5998706975167306 -0.1804767641944481 0.22503060102462769 0.8011942646638228 -0.19903947918681558 0.18421590328216553 1.056472765246285 -0.240570576849872 0.17399179935455322 1.2692060101137652
-0.18874604678546258 0.2916264832019806 0.599957833193569 -0.1798057521901399 0.22473442554473877 0.801205025425385 -0.19801630539362342 0.1834038943052292 1.0564809594172029 -0.2389620413631448 0.17264479398727417 1.2693025170465433